fidelity,blocks,coefficients
0.09312769461160564,1,"[0.4084014658091784, 0.10978537090410648, 0.10978536982500352, 0.10978537226793601, -3.0318072828493383]"
0.44291642089946237,1,"[1.0980690626355492, -0.525711020475788, -0.5257110202783289, 2.6158816332046295, -0.5257110203298215]"
0.09312769461160564,1,"[0.4084014658835313, 0.46133813605028157, 0.461338135935679, 0.46133813594793627, -2.6802545176084482]"
0.09312769461160564,1,"[0.4084014657299815, -1.311576578463317, -1.3115765879187422, -1.3115765809063942, -4.4531692382716255]"
0.4429164208994626,1,"[1.0980690626475107, 0.4008286577441785, 0.4008286576288489, 3.5424213112201706, 0.40082865778995147]"
0.3586254184160952,1,"[-0.29621466018030607, 3.1971887916565995, -3.0859965145600916, 0.055596138796569466, 3.1971887923008806]"
0.09312769461160608,1,"[0.40840146592997634, -0.6018407295262211, -0.6018407292175911, -0.6018407293787811, -3.7434333830123627]"
0.6485936431217059,1,"[-5.682015437104838, 6.542710929295783, -2.882067031393882, -2.8820670313555863, -2.8820670313724546]"
0.3952999295970505,1,"[5.725390883739318, -5.520059158545075, 3.904718799933946, 0.7631261441452856, 0.7631261525085619]"
0.6387744805515045,1,"[-0.8693728291374243, 0.8433801645887815, -2.2982124968601254, 0.8433801743159434, 0.8433801491860216]"
0.09312769461160508,2,"[0.40840146561392515, -0.13160500850732548, -0.6280049482413212, -0.6280049472557517, -0.6280049507423066, 2.513587687892403, -1.8424669898467778, -1.8424670042649594, -1.842466985072543, -1.8424669843152561]"
0.0931276946116053,2,"[0.4084014658771043, 0.40840146587392967, 0.18201826089857345, -3.5259193532832995, -2.9728068423191654, -1.8282157052064203, 3.602915724627876, 1.0276680316482438, 0.474555520655267, 2.471557037141803]"
0.06144978392586553,2,"[-0.4292472334660373, -0.08873504180053017, 0.7972520653702845, 0.7972520649420922, 0.7972520651035871, -2.3443405885083948, -1.2167364263237535, -1.2167364259303004, 1.9248562275673349, 1.9248562275998922]"
0.2595231173574831,2,"[1.3359233719237371, -1.0427273431392605, 2.7028356576300054, -0.4387569925214311, -0.43875699550021524, 2.7028356606650585, -2.259066094490194, -2.2590660938517457, 0.8825265595277906, -2.2590660919764036]"
0.061449783925865975,2,"[-0.08873504177686332, -0.42924723339103493, -2.211125745183686, -2.21112574577525, 0.9304669076143515, 0.9304669073588097, 0.2987156877532897, 0.2987156883087562, 0.2987156885696411, 3.440308341938572]"
0.09312769461160542,2,"[-0.19245305407800853, 0.40840146588834564, -1.285053729945371, -1.2850537298942626, -1.2850537300762923, -1.2850537299197708, 2.731616214551103, 2.731616214493814, 2.731616214552442, -0.4099764390762624]"
0.09312769461160542,2,"[-5.666578476090127, 0.40840146532318977, -3.4492592592524365, 2.833926068267422, 2.83392604884684, 2.83392606385244, 0.1666826702731656, 0.16668267628411895, 0.1666826595206726, -2.9749099752198678]"
0.08619019341293088,2,"[-2.275424534772173, -3.6410020716301235, -3.539195547296697, 2.7439897797353847, -3.539195538162895, 2.7439897435044727, -1.733829796446402, -1.7338298053008399, 4.549355511116856, -4.8754224540314715]"
0.09312769461160586,2,"[0.4084014658766195, 0.4084014658711748, -1.8918370089896057, -1.0918090365360498, 1.6824599601582615, 2.104076501911844, 1.5440619024146252, 0.7440339299300985, -2.0302350667577036, 0.6897410450891702]"
0.09312769461160508,2,"[-0.36551169073628764, 0.4084014651780677, 4.0473090147828685, -2.2358762927134093, 4.047309012503983, -2.235876294542338, 1.9520708864606997, -4.331114423284097, 1.9520708802591678, -1.1895217687486368]"
0.003106751222374804,3,"[-0.7073182154001882, 1.0063615554200085, -0.7073182167046065, -3.4254019362856605, -0.28380927695686853, -0.283809285730135, -0.28380928330974453, 1.9403878714627794, 1.9403878789154434, -1.2012047823728338, 1.940387879847331, 1.1729572883140673, -1.9686353564697405, -1.9686353611166996, -1.96863535290448]"
0.0003888229980476554,3,"[1.0394995359000772, 0.6735743654549124, 1.0394995371690214, 3.3148269271740602, 0.24129765254214763, -0.6317555364803391, 1.4316909607640642, -2.95466636783787, 3.479151660314903, 2.030998689497467, 0.3309035524957154, -4.920118977328198, -1.71046302026605, 3.699669095070298, -0.5200696897826409]"
0.013844513415929738,3,"[2100.8436898321897, -5974.092190633682, -2226.9621569130163, -1090.1916518900578, -2174.9625629513507, 2008.3785439050114, 1253.6251405388641, -1495.4987125834632, 195.13413040112792, 2224.921741891214, -924.5569552004599, -1909.8467922332245, -720.9812628356356, 1815.1399948406688, 816.4972426471332]"
7.665159184266912e-6,3,"[-0.2477474323753808, -0.01955387102051561, -0.24774743106535993, 1.8488897070520118, 1.8298427253926093, 2.233716516477461, -0.48877760231656303, 0.1492464016982471, -6.1727030479679685, 2.4792495696398404, -1.3438399194109227, 0.011546879487108192, -0.007500020135021027, 0.3963737701899207, -2.3261203377840824]"
0.04812668415387156,3,"[10.57413888933345, 2.2310742147287486, -11.000664010485163, -4.45655117902318, 16.205542165271257, -7.136423808705948, -7.305663921581004, -0.11229119297957434, 3.1790598203920384, -10.122825055919574, 5.961583817380565, -2.3500533331668616, -5.618581638824215, 7.173023031230495, 5.257989149132144]"
0.09312769461160542,3,"[0.40840146586367193, 0.4084014658746901, 0.40840146586839293, 0.9300850983879162, -1.5845346418491046, -1.7611348331498387, -2.1952475242607536, 1.684710429021841, -1.0727363034230848, 1.003388077207893, -2.1842598168979808, 0.20307556295755153, -0.8080432715335446, -2.707567460878452, -2.2273995292752513]"
0.020570360908985785,3,"[1.0603329169110782, 0.5844949366147701, 0.8239615489739995, 1.5522849355437298, 1.024676636143453, 0.966630037806771, -2.5809088187614893, -2.1777013346328893, -2.724553335176407, -2.674388220954741, 0.8631987589263356, 1.6669627897969839, -3.656472120084227, -0.15349207054787334, 2.4080744521110775]"
0.00010390851456432149,3,"[-0.03710459275549729, 0.17478835200504744, -0.2489604849033014, -0.9457184462720406, -0.945718333598239, 2.195874544006768, -0.9457185066996574, -3.173810997226368, 3.1093742504501654, -3.173811080756593, 6.25096721320897, 4.882953340877707, -1.4002320268322466, -1.400232067825785, -4.541824984891508]"
0.12340481512342916,3,"[1.1692147504337784, -0.3341879805195286, -0.9529703182516809, -2.0869113391795144, -3.3666331247160057, 2.0316053922128465, -3.1414200958398917, -0.8401070587776401, -2.0892721701452697, -3.184999244855339, 3.9460619323672796, -0.1704057962683028, -1.0002181698228723, 1.0217220840947052, 0.07688369726269512]"
0.09312769461160564,3,"[0.40840146565730023, 0.4084014651971375, 0.40840146498878965, -0.8632180715278559, -0.07365323603160587, -1.849395952598893, 0.977218410759848, -0.12140304773279977, 0.03474941897538895, -2.3105517752362554, -1.2889663802177962, 0.30543883184131637, -0.6402784708000856, 3.4807654399749945, 2.7741583355349637]"
-2.930988785010413e-14,4,"[-78.50404496124291, 5.364796187384444, 23.652704035080525, -49.55719579653905, -16.49045560510754, 9.755654281989743, 17.950796170656155, -5.550687026659244, -18.792859139481088, 0.26934757557092714, 8.329613063258648, 6.778797124494198, -4.726066304162727, -8.239214473289975, 3.887318683542053, 9.183253313007656, -7.601336881156897, 2.7251851593593717, -5.709307752476394, 5.4134090553072545]"
0.8841654068708223,4,"[-0.7505752385030551, -0.5843389998280721, -0.5330983128183251, -0.44012316096097104, 2.9020704160220596, 0.4837869810519617, 2.6476478248710116, -1.7352901521992221, -2.9480649328305764, -1.014096771823238, -2.4476338241069073, 0.6025569277637599, 2.380180000394951, 1.8232568047239521, -1.0767896066071825, 2.3765803191835406, 2.7054272126676384, 1.820418247768301, -0.03479744111007399, -0.8907390783549847]"
8.881784197001252e-16,4,"[-0.4995523026917708, 0.9459542989389002, 1.5689234441669002, -0.819841386881102, 1.5746548682187897, -2.0091736917635132, 0.868567472697533, 4.079380650912235, 3.6503779724012633, -1.2824312999117815, 1.2974345561811038, 0.10315890596071435, -0.9979520344027318, -0.5762219504873791, -2.2931165554516144, -2.392595480758487, -0.7779170472049473, 1.9342099204828775, 3.4986761273379328, -1.8894425525469962]"
-4.440892098500626e-16,4,"[-0.6472089966269523, -1.631442905858265, 0.9836023874702158, -0.8269482924456281, 1.8627798095029795, -1.7654294453901758, -0.7188625438662665, -1.7195626625002622, -1.4096625328640016, -1.610716014446738, 0.04953583060072404, -0.6087129348058076, -2.5368607453331253, 4.309620436540334, -5.009159581241617, -0.9401024820023857, 1.2955590588515442, -2.6899570201450147, -1.8598050595902196, -0.3531755916043765]"
7.478906383084905e-11,4,"[-0.24127294201741495, -0.4705958405666103, -0.2164856901173542, -0.2552858186079066, -1.9699049472581582, 1.314274536580631, -1.425392868432707, -1.074614029682247, 0.19085886860095833, 0.29395396752581227, -3.7357739315104643, -1.1329839825163674, 4.334112163751641, -0.7372720045774825, 4.726596875863414, -1.2529897582906537, -2.463050197876418, -0.8232417050631535, 3.629639846749495, -2.6154644145540322]"
2.220446049250313e-16,4,"[0.11673653496872363, 0.7054902448737302, -0.5567950098494288, 1.1636651885792895, 1.6148329068598506, 0.17378156500870195, -1.7944915733222364, -1.08707264632089, 2.0536065949829982, 3.8225575191115544, -1.4135176929206317, -3.8853015890102793, -0.9071015960999824, -4.36456414513711, -0.6088906445977963, 1.9364879620344084, 0.9944427157451494, 2.9615337105575628, -0.33241905369568925, -4.242196951258424]"
0.017695183335617926,4,"[-0.49535529629763614, -1.384920964027256, -1.9227494295248655, 1.2491993241705537, 2.012961747594578, 1.504537622678071, 0.7265911413476078, -2.4872941960116313, 2.833600039809517, -3.806794613076563, 1.7776684104861131, -2.7749766759953256, 1.451962585795082, 1.6325590101433691, 2.497348721610187, -2.3284980806110287, 0.8943642640118363, -0.08077774809948117, -0.5123250980163091, 1.6414079745551164]"
2.6645352591003757e-15,4,"[1.408374823155444, 0.6974545571146124, -1.632822780357159, -0.453045006612957, 0.7536315836931099, 0.5832059930036699, -3.5433915672162417, 4.2430085405525295, -2.4998432908394714, 2.458275914306729, -2.344441595042157, 1.9180067965439545, -0.10706347752358414, -1.7825388642783109, -1.227098509517178, 1.2267353400255387, -2.825784289466886, -2.1944513203834353, 2.835837316110917, 0.79640108187064]"
0.0,4,"[-1.0049273644515957, -0.33529704575665054, -0.9846243046520443, 1.211350700236681, 4.269940851410528, -1.9281897224136115, -3.1551657036079184, 2.601784759328506, 0.5928844752099169, -3.9082680346452854, -2.007389001947, 2.43083974151063, 2.7633170452396327, 2.312034081000173, -4.845591509271994, 0.5691593052964569, -1.3795436824984912, -1.5000783874875196, -1.275089488479037, -2.567862396019699]"
0.0,4,"[0.1777204597487652, 0.8713889686127839, 0.3360757290598799, -0.6374905460054312, -1.9487043934824388, 3.2393344889830478, 2.3733558082145847, -3.181266098443521, -2.30460209425021, -1.0193560041571903, 1.0460959373028584, 1.0650810818717964, -0.09902986480838169, -1.3827830344719563, -1.9803249943636125, 0.9900948492875494, -0.5495134149037332, 0.6176540085803616, 0.7372200438139107, 2.500011768110146]"
8.881784197001252e-16,5,"[-0.9625172952766062, -0.7491437628016746, -0.11320824904951363, -0.9074422056953092, -0.6489180805738789, 0.045232874248020645, -0.5596517125491816, -1.2086090244224983, 0.05467805333254099, -2.5301924916321634, -1.0954844073269079, 3.0423090236738606, -3.1625663303854505, -1.6031597266284103, -0.5947003706739719, 1.3413320746572588, 2.5195357226705797, -0.042676445075883654, 0.24964049352211684, -0.6905569665224741, 0.8274477010142791, -1.8621458412138345, -1.2526663597561556, -2.8967541864695465, 1.9893555168002461]"
2.220446049250313e-16,5,"[-0.8734417942321844, 0.8281015154691339, -0.9060386798021294, -0.5121865047778708, -0.5454621725149245, 1.0574470696750442, -2.4716986639620817, -2.0857887621246176, 1.5295932244712456, -1.8304793635574894, 1.5286134172119752, -1.2098269517074607, 2.355969883589651, 2.9574989564407113, -1.2189402424018276, -1.2625404472538693, 2.1804275611572335, -1.0206879563530222, -2.757296886826198, 0.17052515794478332, -2.8696480468885097, 0.1923690096829773, -3.2401875806376466, 0.6585180888052531, -0.08895182352951037]"
0.0,5,"[1.087777469148899, 0.57765288666279, -0.8410061946846153, 0.8431694208801896, -0.7341715253848229, 1.0380696823565054, -2.0562502140197747, -2.3674353311656384, -0.3099227265878906, -0.891109007001747, -1.427759335293728, -0.44202694267315645, -3.275159527894088, -0.5300046942863534, -0.3782704634865229, -1.1470551292652622, 0.8465589842608677, 0.5519453150272766, -1.1199350630257567, -3.4463347054796363, -1.8269984828486183, -2.226345919727315, -2.8523245158369863, -2.7889654675515247, -1.961965171559861]"
4.440892098500626e-16,5,"[0.4297860061420783, 0.03637057129143697, 0.4510198630536095, 0.4465326961419853, -0.031691181509301405, 1.0156118946077266, 0.7318051308530514, -3.417359558323913, 0.5956663554096064, -1.0669225223709553, -1.4293311515673734, 0.5815928194893389, 0.3294492518574664, -2.998805563067598, 1.7483699860919788, 0.9101578543213364, -1.1719903694500962, 2.2367699661014147, -2.641098408126207, 0.30091384785180486, 0.7578430855661552, -0.7380295100490756, -0.8092946892341725, 0.9977454318158341, 0.8422288088078083]"
0.9611005037533041,5,"[-1.6473869068691362, -0.6795913509719387, -0.6406842006640612, 1.705672269358097, -1.193852233674541, -1.4346234483513125, 2.2919784085923856, -2.2830830771533526, 3.7131667670457023, -2.2376692136328926, -3.029106341070916, 1.8631888626737085, 2.503948679787806, -1.8433889023116445, 3.066470078323206, -0.77726882337814, -1.4341928485411661, -0.9779360180401674, -1.801804240459404, -1.7636557507188648, -2.1531836594234215, 1.1178906605640395, -3.0359490666411455, -1.0830348309282642, -1.651777471484425]"
6.661338147750939e-16,5,"[0.42554083973613, -0.49506159085840706, -0.015390132216278241, 0.11093142170521336, -0.7454243078621909, -1.714678021519688, -0.6374875365218765, 0.02737383691246322, -2.0900811633460066, 2.4532502675844707, -3.7149410292382745, 2.217112971009508, -3.2159031357492167, 2.2543230476905065, -1.018154818734474, 2.7738690202704106, 3.7062474801392558, 2.690166882327004, -1.4025414153985376, -0.7528577138768677, -1.3887695398820563, -3.1985606542302527, -2.3307878834140254, -2.40602604266148, -1.712219224214146]"
0.0,5,"[0.292431665539364, -0.2778172357154565, -0.3967898015331051, 0.20224787326349472, 0.34378146352069106, -1.5052244414930536, -1.3547137458702165, -0.7166780364974509, -2.7417673058945153, -1.0807676080354094, -0.05355436125477564, -1.2068599515880336, 1.2343403468919665, 1.8656652603019694, 0.7374428558782001, 1.1237841376273427, -0.07939942356443175, -0.35677263785047725, 0.6379565086153441, 1.5932146653982846, -0.7669692447013337, -3.228403488809217, 2.0021352763091054, 0.25052113920796654, 1.5912327262706363]"
2.220446049250313e-16,5,"[0.07436784173313886, 0.28626088230377744, -0.022253857775668347, 0.20351326058891217, 0.20628239426748962, -3.0726213169735113, 0.25086905554832256, -1.6614074923816504, -2.828982681134862, -3.0543286584253044, -2.426166013053512, -1.7376316629392925, 1.9512667222578395, 1.2511281471103988, 2.6261379632410446, -2.3897140648453212, 1.1281682598101586, 1.477750922033987, -0.03290054180880268, 0.08945340432211583, 0.20996294365931484, -0.9285291449910892, 1.5405571185517322, -4.131208520351258, 4.1113298293945055]"
1.7763568394002505e-15,5,"[-0.26305689745989347, 0.2961897977972752, 0.23116526355761158, 0.43086996184150184, -0.03367756396520966, -0.14538595555439743, 0.19112827782353425, 0.5177860477532273, -1.4434207981549825, -5.766126411956157, 3.265641040184032, 4.906731897721448, 0.6041670970244696, -0.3146108985460259, 1.8321667992201718, -1.0073612841675612, -0.9114079117460889, 1.063273443980119, 2.1409282041682807, -3.2877102652562202, 2.799993170238744, 2.233950752301544, 2.234144563578388, -1.4035775969595574, -2.9709630888990928]"
4.440892098500626e-16,5,"[-0.07147512591998464, -1.3004545099098053, 0.07326319448303924, 0.6774407835748832, -1.61297683592825, 3.124585631194901, -1.8588037828517088, 2.6826261606730957, 3.722367656818095, 1.4260967840483416, 0.462131088423628, -0.5047128389164313, 3.1835963652526975, 0.008491593419147528, 1.3435506672651365, 1.921026366380038, 0.45837714731756096, 1.155804884247374, -1.6231182871982046, 1.3097773267334374, 0.1617236089935605, -3.4760493134989208, -1.5186791510484103, 0.8538613246062051, 1.1706505387644415]"
