fidelity,blocks,coefficients
0.2409966079734972,1,"[-0.2662957698771273, 2.9833843592139173, -3.2998009498561185, -0.15820829609173945, 2.983384357655506, -3.2998009498429397, -3.2998009497168312, 2.9833843564024125]"
0.4897959183673469,1,"[-1.183031506052828, -0.04575534982437948, -0.04575534746289452, -0.045755346266915645, -0.04575534579503333, -0.045755345199933156, -0.04575534347038445, -0.04575534248641836]"
0.48979591836734704,1,"[3.758304163737492, -0.7931731409690906, -0.7931731425085125, -0.7931731425675643, -0.7931731423118513, -0.7931731433719396, -0.7931731426053656, -0.7931731424061494]"
0.2409966079734973,1,"[-0.26629577018752865, 3.5497329369897774, 3.5497329304391516, 0.40814027774146433, 3.5497329359774206, -2.7334523804634223, -2.7334523625993326, 3.549732936667351]"
0.30360805159683313,1,"[0.21521406899281742, 1.5646671173060143, 1.5646671171676239, 1.564667117295327, -1.5769255367186108, 1.5646671173672417, 1.5646671171787232, 1.5646671172251314]"
0.07897012915034529,1,"[6.40130288388631, 1.039063761398982, 1.0390637435698868, 1.0390637302898669, 1.039063741515476, 1.0390637325143437, 1.0390637464960488, -2.102528913064263]"
0.30360805159683235,1,"[0.21521406918516306, 1.5095810155915093, 1.5095810158566, 1.5095810155306433, -1.6320116398525317, 1.5095810156919893, 1.509581014909198, 1.5095810151597662]"
0.4897959183673466,1,"[-3.863381756450614, 1.5270597642675947, 1.527059758790368, 1.527059763906622, 1.5270597479162022, 1.5270597575609355, 1.5270597592923834, 1.5270597533924992]"
0.3036080515968326,1,"[0.21521406918524455, -0.7817259647772195, -0.7817259660874166, -0.7817259665385923, 2.3598666881324513, -0.7817259640909097, -0.7817259651286357, -0.781725964061222]"
0.4897959183673467,1,"[-1.6751639794603166, 1.1297776965838149, 1.129777696845829, 1.1297776966674902, 1.1297776961673298, 1.1297776971444569, 1.1297776968413844, 1.1297776962664978]"
0.2943396576179761,2,"[-0.8365821153192146, 0.21714081939172494, -0.16118920676439086, 0.2423410399127297, -0.3831199554364134, -0.09575543408350294, -0.41110478224115127, -0.612772538864362, -1.0577711251275503, 2.066232514699632, 2.2929876887767526, 2.7356758468506324, -1.5542916242192857, -3.4677010965384754, 2.4820950702536635, 2.2670849133759456]"
0.16987687263659557,2,"[-0.15297027118202314, 10.051588459038166, -0.5965321753956752, -0.596532141297098, 2.5450605207531094, -3.7381248166803753, -0.5965321309553043, 5.686653190879032, 2.5450604626794644, -0.2069135985596859, -0.20691362527011822, -0.20691361065915184, 2.9346790861197594, -0.20691360824904045, -0.2069136489911101, 2.934679089625344]"
0.29433965761797554,2,"[0.2171408187185171, -0.8365821237945914, 1.312918101300929, 1.5396731749238577, 1.9823613762690484, 3.9755792516437958, -4.221015572283106, 1.7287805906048554, 1.5137704436981658, 3.5793817022664474, 3.9829119034514253, -2.925734344085242, -2.638369798951113, -2.953719162597244, 3.127798386988065, -3.600385520699575]"
0.2152864288128773,2,"[1.2502534916689698, -0.2551786433391454, -3.1374295298888915, 2.8846202416393965, 2.9105772955582716, 2.676032692938341, 2.9051323851724913, -3.2881072585830595, 0.9691534664714244, 1.3490629525653324, 1.239483473439903, 0.1411341253778082, 1.146098120264079, 1.2039833453104636, 1.498071299272022, -4.957850309893001]"
0.21528642881287674,2,"[-0.2551786470987341, 1.2502534913023207, 1.2863909716326716, 1.176811493087864, 0.07846217124408313, 1.0834261646970138, 1.141311365457367, 1.4353993280819333, 1.2626630129953027, -3.2344698762648876, 2.787579910861802, 2.8135369465989393, 2.578992355678194, -3.4750932536846246, 2.898037690966305, 0.8721131093409664]"
0.28567962804765756,2,"[0.38305275368327263, 0.7305667487217223, -0.5506071290281905, -0.5506070872966162, -0.5506071141700274, -0.5506071279758769, -0.5506071454416597, -3.692199752341551, 2.5909855670363418, -2.9360735171980648, -2.9360735354859817, 3.347111757996821, -2.936073543247625, 0.2055191162635351, 0.20551907583128584, 0.20551909666322207]"
0.11068781983606579,2,"[-0.06494691542124459, -0.3643123341284045, -1.3442475557219282, -1.3442475744804707, 1.7973450877365784, -4.485840215660299, 1.7973450974160226, 1.7973450890288898, 1.7973450894084488, 4.1752006089917595, -2.1079846991618956, -2.1079846962489475, 1.0336079579775426, -5.249577371410906, 1.033607963123628, 1.0336079717989053]"
0.21988682475271382,2,"[-0.009247125027856963, -1.2553152191114827, -3.0637848448748013, 3.2194004676540873, 0.07780780132925838, 0.07780779146929669, 3.219400446555343, -3.063784851580035, -3.0637848367568163, -2.5548976977780264, -2.554897688018842, 3.728287609232832, 3.7282876045207334, -2.5548976837850748, 3.728287645135703, 0.5866949813357739]"
0.3098277822595128,2,"[-369.14319635589334, -410.21099380842463, -206.62151329209274, 101.25456677936292, -228.6126618725955, 189.21916099750734, 220.63508760485578, -112.37373367316277, 38.422713660980286, -217.24606384863785, -198.396507953209, -261.22836099895517, 222.57690770620414, -53.88324585731828, 323.10787257002164, 184.87779582545045]"
0.2409966079734972,2,"[-0.2662957701218575, 2.890503055943563, -2.492775326297927, -2.4927753283648646, 0.64881733787576, -2.492775324040019, 3.7904099816360834, 3.790409984642745, 3.7904099811583247, -0.6410168744204588, -0.6410168808820164, -0.6410168755454277, -0.6410168709077135, -0.6410168772353777, -0.6410168788418473, -0.6410168714544543]"
0.012973375109496366,3,"[0.21215989225230478, -0.08511766784401158, 0.2121599043722528, -2.295125930828171, -2.288722702794978, -2.345270717531701, -4.758098690081014, 2.5413183358416584, 2.4291374260895506, 2.4336855425218165, -2.3184963845060227, -2.3046132114312883, -2.5516943850503857, -0.5667547855161222, 0.9377821745728896, -5.501298954405681, 0.7877689796757181, -0.029434973246066698, -0.023031464421090726, -0.0795794288819143, -2.4924074279246256, -1.4761757845911674, -1.5883562492311472, -1.583808653457711]"
0.006671250760026948,3,"[-0.19584367298374294, -0.5680219103312291, -0.1958436726857931, -3.1976820263211323, -0.12137713515995939, -2.2265156651392872, -1.1301245963870457, 1.8422601016947533, -1.2737812687658794, 1.8714383204610616, 6.228717718470678, -0.13492403633499356, 0.8136923760947266, 2.7259295209585828, -3.956138838499018, 2.369192203087968, -3.90583300378624, -0.8562571445348643, 2.2200479062616965, 0.11490942244445583, 1.2113004643745875, -2.0995001154767756, 1.0676443807677416, -2.0703221821229163]"
0.012973375109496144,3,"[0.21215989710437336, 0.5094374566131676, 0.21215989662757528, -3.3547552808663057, -0.2067602120733213, -3.4049007792882433, 3.6070491291501563, 1.4816881627125482, -1.7720850822715402, 1.3740550904420248, -1.5543981477582498, -1.5405149703054053, 4.49558919636211, 0.19734356633945463, -4.581304755992509, 1.5459847548709982, -4.731317947020952, 3.841026679161555, 0.7058383263364661, -2.4923023990719684, -1.7635377921761073, 2.3942865242167417, -0.8594869159349556, 2.2866539637534733]"
0.09113108893464028,3,"[0.3932273737206609, 0.058323523451946066, -0.36933558316502496, -0.6597389083453445, -0.39631078916322005, 0.1460936010080772, -1.8472480315566164, -2.032860313522319, -2.255830069471705, -2.456742848348659, -2.9401976027359553, -3.45618902274698, 1.3496632251927219, 1.1789498671387184, 3.485815615157726, -2.4471334453485762, -2.3836493693758514, -1.2067793313402921, -0.9905692782870901, -0.8152349376703613, 0.32377575536946807, 0.15940751081045493, 0.029137912632511306, -0.21265383240408423]"
0.00667125076002828,3,"[-0.19584366703646539, -0.5680218977609947, -0.195843666932707, 3.226653504833057, 0.019772531183181813, -2.0853659216395424, -0.9889749197449186, 1.9834097966538387, -1.132630692342328, 2.0125904426308896, -0.8395493365638194, -7.203191154243253, 0.028610520635384988, 1.940847770101238, 1.541964695313788, 1.5841104203556962, 1.5922704956053568, 2.6390761375739014, -0.5678035013867893, 3.610243258095675, -1.5765510266751128, 1.3958336922373593, -1.720207943357889, 1.4250092112058794]"
0.05079288245564739,3,"[-0.4947201046191489, 0.003372153521560155, -0.494720098373766, -1.6121520145738681, -1.385635758979049, 3.943080940500901, 2.6730065019661104, -0.26425508553756444, -0.30561747180972654, -0.336561902295906, 2.3255022405827077, 2.683653620706641, 0.4911977489435763, -0.7335957447157144, -0.020977287069134827, -0.1995019700510853, -0.24774564059582152, 1.4638509401352786, 1.6903671438357197, 0.7358985424776241, -0.5341760776824359, -3.4714374135942263, 2.7703853714853346, -3.5437437620529617]"
0.17165512910822767,3,"[1.9511979970891158, 1.2193556440497872, -0.210447492614855, 3.7042221748814286, -2.657444609791908, 4.062353991062706, -2.507240404417855, -3.016993537092304, -2.0917088809146533, -2.46371789797324, 0.5380944968004349, 0.6999197071645997, 0.8805404102589363, 0.9733449674290412, 0.7085105628599393, 0.4599470479190401, 2.468913053370193, 0.23241348742121082, 0.25816449965489613, 1.6275593053551378, 0.4183735490925841, 0.3816436366771578, 0.09018002415975047, 0.22326572670361688]"
0.006671250760026726,3,"[-0.1958436780994237, -0.5680219323400303, -0.19584367824370577, -1.6164013500195429, 1.5904789426790265, 3.6956174648673015, -3.683959001760926, -0.3731584086397707, -3.5403024952423827, -0.4023364914013958, -4.768896558085969, 1.5947451739328904, 0.6461288543623512, -1.2661082233839336, -0.8672251052127061, -0.9093708437143772, -0.9175309019893364, 1.1686496291637483, -1.9076552777963118, 0.1974832001912563, -0.898907967516164, -3.8712926245008368, 5.5279335713769795, -3.90047071340066]"
0.006668166597860958,3,"[-0.19090720024504945, 0.17664131565523006, -0.2008279109729889, 1.6375030018029366, 1.764319784426283, 0.6981211574738633, -3.5563846322968393, -3.3624344892286584, 2.842471643979124, 3.0236239348717815, 0.31314618070899647, -5.891363632640181, -0.5547334121317657, -2.4660526863464423, 4.216455395138373, -2.107112381315474, 4.161036950131915, -3.167793874831873, 3.120515429222686, 2.1129210583889493, -2.111778460294374, -1.966300354510727, 4.346319337516052, -2.126468358172952]"
0.05331999075109972,3,"[-0.2992780312475916, 1.249627407794604, -0.2992780295226645, -0.8197794027885255, -0.9666218686321065, 0.368234498877362, -0.8137122063160374, -0.8639669315369295, 2.3326498699539218, -3.9588082053233298, 2.683604188387481, -3.1937244874291766, -3.2810523226542188, -3.369183769076416, 3.1245150550661216, 3.047309418786106, -1.790224581641743, -2.4317522157803184, -2.5785953113483604, -1.2437389010661688, -2.4256854227709743, 3.807244843708501, 0.7206769224056427, 0.712401828898774]"
0.07794014796401272,4,"[-0.6173656600988688, 0.6961402736667692, -0.7542806426195134, -0.5803326109209795, -2.4802898012636962, 0.4830318007373457, 3.5341048693418458, -2.4625326136137993, 0.7769529705797138, 0.7130858594442951, 0.6760066373628247, 0.287805597162302, 3.006886498296194, -3.2072654876369895, 3.0211924547184332, -3.2696363799027863, -3.2058489255415865, 2.990378632295484, 1.766479352733944, 4.920387403291995, 3.7864174421068295, -2.775858925267231, -2.55987023660573, -2.490105400984687, 3.7810851267056576, -0.8135611154699998, -0.8632830827371315, -2.9493575681741304, -2.61074115728077, 0.23886535813890594, 0.2267643249863027, 0.2332857130955426]"
0.0028937567525832986,4,"[0.015672048355251336, -0.22743055278037425, 0.23180871784019969, 0.31527454096599467, 0.5017236252384873, 0.8413893455292065, 0.5616592177650516, -2.2687666995611138, 0.6209818127654523, 1.5128829896629252, 2.312667053179732, 3.949358533333887, 3.660965640016875, 3.5297956611258154, -6.141788736203041, 0.10631855527458813, -0.2827421930914272, -0.7080479513947855, -4.370163031092593, 2.4477392994283687, 3.7911620519348337, 0.770636467912855, 1.8475444710455498, 0.5964828440851176, -0.7071705728655447, -4.307628500765713, 1.3664492434618567, 0.20888156109009365, 0.47004240434159134, -0.5585532371660531, 0.22619899928435158, 0.9608202850297336]"
0.010014689077507799,4,"[0.1907116988211502, 0.516679308884714, 0.19108833339476822, -1.844666780148835, -2.2275644303416153, 0.30040372019968586, 3.61461455197648, 2.8568357387914984, -1.3848787083739995, -3.9833784862116004, -0.265108220307788, -4.202436004402955, -4.149930906443072, -3.858066162896743, 0.36393679220093994, -0.837623198559463, -0.6847449578715659, 5.602889741034207, 1.1640735607288761, -1.476718075475102, 1.5696099991221015, -5.407760738500474, -3.487266662852789, -0.5861091681818034, 1.895870936099719, 1.6769352599142215, -4.726024338832438, 1.5473666510496886, -4.816642510627684, 1.4059373353703828, -4.602236950209715, 1.5017044353003437]"
0.0016074739085749634,4,"[0.1748919657656763, 0.038677632897537326, -0.16961272134762637, 0.20714722185935766, -3.863919097144346, 2.52663810952504, 2.7128121311545677, -1.8820786579333566, -1.7207848797044636, -1.4559846728715167, 5.044165931347082, -0.2991742976464744, -0.6424387905087422, -0.6947828681313589, -0.14351848865222652, 3.7914801273875853, -2.373119100189103, -2.3147274213312796, -1.3261128457336562, -1.1968748967964982, -0.8530323902270098, 3.101093132665383, -3.474891954829063, 2.763944852998626, -3.5803424449054835, -0.9849659150981919, -0.9077541303513187, -0.7756532017999435, 1.4358790994097677, 1.180731482313292, 0.8881044194726269, 0.6372246233575178]"
0.10444008440782104,4,"[1.8731574815738836, 5.918252462568154, -1.0138191409296826, -3.402647531756427, -5.040784950974741, 0.09332828663074565, 4.291637178549269, -5.069579773551819, 0.24323491151894877, 0.45024249258849897, 0.24829410857583997, 1.1027560992552832, 1.336802221557858, 1.4731707421791047, 1.4847516821133877, 2.079777878795113, -2.808400152811419, 0.0647080173905533, -1.4832272443024335, -1.0054366613405454, 0.07761897301810436, 3.7366679485135874, 3.792780279891563, -1.7790353446900689, 3.821167042784756, 0.42168272677053914, 1.4589438323434638, 2.737510919460928, -0.27804069757801786, -5.501113663622162, 1.6683066451035797, 0.41955741416891046]"
0.04591100319832209,4,"[-0.26109006033773635, -1.088427600244513, 2.2729041840073423, -0.6671920824443222, -0.6903191106078549, -1.8847381437683208, -0.11254400956066202, -1.7004729849517484, 1.206731076699664, -1.2776654567460954, 2.6755997726537433, 0.8289827019011177, -0.030619095471259877, 5.1965185277124295, -1.4334053539032041, -2.4969865516736323, -1.533374086194966, 0.2902332797192051, 0.7980699354672844, -2.7252166348954003, -0.4669995768725531, -1.9692665214443645, 0.20243985326475253, -1.568270330889886, 0.6556847090719372, 2.8528646654058436, 1.119789896954906, 0.903373155952094, 0.7820381377126802, 1.1770707683749806, 2.654882214080642, 1.321530263510878]"
7.821495686199942e-5,4,"[-0.1856259761581035, 0.09623633233805008, -0.18774673917024678, -0.00317779187061243, -6.357159354354109, -0.959043604682494, 4.787086956013607, 1.7998430778069294, 1.2898455511058025, 0.41564552110072794, -0.5893257560680002, 5.588068216355003, 4.159516800322489, -3.1140047389695824, 0.10924003312083666, -0.8473022488501203, -2.2730674821397066, -3.9135327977992014, -2.1935586140175447, -3.070343629902279, -3.5815975482043085, -0.3941090250450461, -0.909459273133331, 4.508947342249467, -2.7718210291859835, -4.474876872684757, -1.3486408852430325, 3.677523930741038, -2.5175853323044413, -6.844633159496854, 2.540167381614927, 5.50223363388805]"
0.0005877042800301879,4,"[0.14835924061466135, -0.1674845194815519, 0.15188396577446364, -0.0025004699827219784, 2.920742641820136, 2.7384486984875687, 2.46126863707798, -0.4628815258461696, -0.0806224107041992, 0.15622769939916026, -5.882222506665961, 3.0796943780373693, 2.7602223392863667, -3.86966956918401, 5.346367146599772, -0.4940936389706524, -0.06851598879813216, 0.3716925907653396, -0.6332563884662894, -7.084222177673425, -1.0391021484434142, -4.0709145978428385, 2.6039805829561535, 2.8373105732972426, 3.0823072065849857, 1.6133636687141204, 2.294362853232172, 2.937884253998259, 3.027103018725721, -1.3376436840192611, -2.2674675460442213, 3.2463552268051634]"
0.04191549541844164,4,"[1.5414577266659513, 1.1946244097844703, -1.974468539879659, 1.1889812444777212, 3.430524477812105, -2.366572546389825, -2.5838409909132865, 3.2819517608249744, -2.342727295686008, -3.135645248156206, -2.7119300623272764, -0.7527240425197125, 2.2708169244244463, -3.669483521216956, -0.38240140901786535, 5.504169239648854, 2.3089293027230298, 1.160316287454699, 1.7447890403402144, -0.2883365806762424, 0.4790918471364191, 0.8112432771748541, 0.8993341703926507, 0.5876011912279855, 0.881465801670338, -1.486573750000126, 1.6243522289832357, 1.4187008487029538, -1.784687560306395, -1.7038238819909324, 1.7931721134393266, -0.13925289294964965]"
0.09440060120319815,4,"[-0.996455662093236, 0.3521722243328455, -1.060375256644802, -0.41108117475103595, -0.3847840418797871, 0.009271105641537557, -4.008982382788529, 5.12211539820074, 0.5160693059815562, 1.2500696539126157, 5.142298370284761, -0.6051199405044388, -0.23908131472891508, 0.1211638839577412, 1.9856947816284105, 2.3604741837882166, -2.212764960849936, 1.0871244249843577, -1.4434725569693934, -1.451587864571666, 0.4286097184234348, 3.0136615692507442, -1.9000677191097322, -0.9236959540776459, 2.4767706928032087, 4.114752746419291, 4.71348610639101, -0.9739597210662505, -1.2162173314338092, -6.215665927346813, 1.6622964907276638, -6.171486692514588]"
0.0012804280965601489,5,"[0.17198906275159637, -0.30051722386093244, 0.6539989974692776, 0.11850194348535346, -0.4402100991508178, -1.2897135130647022, -0.8856041107277878, -1.3913549634213986, 1.414649696418616, 0.33985397301462916, 0.09172598695000378, 5.440307422121682, 1.7242977259622472, 1.7539278428791092, 1.2551065015553835, -0.5886529401016933, -0.9818017174648224, 0.9361631189049899, -2.616001578774491, 1.5518212676006515, 1.2645524781309017, 0.8274570576713459, 0.63854816134178, 0.984596900251213, -3.4962123550319775, -5.083693113590023, 0.06161662822410022, 0.29513822562200803, 0.9973183651738401, 2.750803247703874, 1.8159875809049657, 1.033272279398942, -0.2912979897379181, -2.3259824628094314, 3.6714521304607457, -2.737261567728146, -1.917983894028813, -1.5360516108108824, 2.4748245954168677, 0.1325745167013705]"
0.0016423654144896993,5,"[0.5214291131947437, -0.23611737134901728, 0.5635643639624969, -0.29244368517940517, -0.7327159911675925, -2.791966292119363, 4.131394675626047, 0.5083649112451336, -1.1552902037385024, -1.3119988363614714, -1.4491214353793656, -2.2147035494126666, -0.72088076391398, -0.11242171668897916, 4.406133242033662, -0.22904419148972938, 0.06798410655233705, -0.0729920167520447, -0.03160265169525672, 4.122961150669457, -2.505072500814174, 0.04155682341420278, 1.7030103504950254, 1.8794419484113896, -4.103357428736031, 2.536461048733382, 1.6884720671402604, -4.221621141952666, -0.6146018286709952, 1.5935457179339796, 1.9431958854943168, 1.6349091179613848, 1.6867354766638785, -3.059189187357766, 3.1480762672294063, 3.6201841775770585, 3.7159526129213383, -2.8150070473167075, -2.776394262699318, -2.5439026910486615]"
0.0006507432803348756,5,"[-0.16524887081085635, -0.46088865353769676, -0.14534153475205489, -0.8299162138873055, 0.19160563715759493, -0.9400198848300638, 6.669615015414443, 3.5473526780325244, 1.442562827377279, -1.4601250271946544, -2.841781961394414, -3.3901058884460773, -2.9963099853694457, -4.713854171287284, 1.2478356882916768, -1.4775584850996957, 5.411806207607745, 0.5797665189672012, 8.840097952629206, 1.3649413566588984, 2.3172552120042296, -1.7542185714156158, -2.5235345601613246, 0.7690366229763101, -0.7769208403976363, -1.3429152889976477, 4.5590012363800065, 4.752215175002585, -1.348342236804063, -1.2780358530579936, -1.2627369014511014, -1.0177903304051625, -1.2354353742564685, -2.4924512042115836, -3.5856960542282064, -3.6215699381543254, 1.2484977640693808, 1.3933271029947063, 2.64077310374852, 4.722554422307151]"
5.8847187432875536e-5,5,"[0.004736867613677209, -0.17531159439321395, -0.1768709410702994, -0.4747669555363711, -0.17759480938879948, 0.4849897692321604, 3.6386228139891528, -1.1375210945144711, -1.1065934317889736, 3.678977868401944, 2.4685544077317796, 1.5227873997684902, 1.86320920358299, 1.5370153389385757, 0.4698872522180005, 3.5240609993368817, 0.8122916283179034, -2.9927868921320044, 3.507650674154289, -3.585086049560819, 0.815366242111442, -0.7568386986674612, 2.141949709564539, -4.09782177059672, 3.0641391274492604, -0.0748181425579431, 1.198725118534663, 2.536864581644542, 3.369942963095963, 0.3855494897015574, 1.2219929399355456, 1.90189850379636, -3.738587307335033, -0.39644212761498854, -2.598419123708933, 1.0226213991333004, 0.7291808865703081, -1.9068474052998485, 1.4800583381590935, -1.424178194372954]"
0.006069003447761845,5,"[0.6357680876247619, 0.1322190175657164, 0.5596788906326889, 1.1178836778408117, 0.6845273265981298, -3.5988455996842594, -3.4277729388966574, 0.23701165669823918, 1.7990372889605772, -0.3286818958667617, 3.2083578312309453, 0.053026432861846835, 1.3773511591280352, 4.332618255243237, 1.3727792509405028, -1.498459506659593, -0.6234407597841428, -3.4310699988307265, 1.2384905067337881, -2.320351498356638, 1.210760192992752, 4.476206830446819, 1.8725801304934444, -1.179579675819746, -1.2303645217025745, -0.2910373556500568, -3.7736445443382287, -1.1375057211937598, 1.0661058531522016, -2.5147171797661954, 1.9886658780916382, 3.550052691522202, 6.834871682361652, -1.1813038011469617, 2.166131438616058, 2.043799795256056, -2.1674558078414674, 3.3730183246480725, 1.8254335903491365, -2.0744260930623803]"
0.0010261033429650457,5,"[-0.8505751512533083, -0.20657100611944298, 0.18370823638368, -0.06261524277912758, -0.8680255956864249, -4.201224871539124, -4.356083507977468, 1.7840234564574262, 1.6567261831348536, 1.5332893697655514, -3.339897403466256, 1.497582189235547, 1.0968095394215958, 1.5769029052046397, 2.0736707229417153, -0.29542974872343125, -0.11686728307160936, 0.01544697033008183, -0.32205757454350664, 0.319903050091915, -0.5384253890211325, -0.14469130643425465, 2.702396339633214, -3.9629479659097173, 2.025235270088561, 1.7278494022818105, 0.5872572532876552, 1.1299486569890516, -3.1906353404779657, 0.8715865980029364, 0.5296571675189587, 0.8140781224037258, 1.0929095681986267, 0.6214864859505634, 0.39463129776633493, -6.069096065862303, 0.18048964575809207, 6.536417733881859, 4.992023602889472, -0.06855434552460529]"
0.048426896507490436,5,"[1.5244309079205822, 1.2272439010094702, -0.7254664593843154, 0.6256949105512201, -0.09876805431418804, 1.1944094432512724, -4.494685936176613, 3.3621689095216687, 6.4480982309712145, 1.1115334596886577, 0.7153155971915387, -4.066129694382324, -0.5628508884069272, -2.014277867273951, -2.2513365011549045, -3.375944086449722, -5.521743849056387, -0.7100961654029079, 0.20927498462521155, -0.9883528555405878, 2.285690957548849, -3.7522893613302544, 3.068767899523878, 2.332000345890847, -0.2201040884099098, -0.43293190666226067, 0.7140140549669811, 3.0251929650632614, -4.857090203767311, -3.7567791836807842, 0.5044349212124931, -1.4127003737960908, -1.8565883321026975, 1.013030010100535, -0.2757936606186109, -0.025308642135525628, -3.2233300089699903, 3.22707789392011, 1.560504398762456, 3.219430348180362]"
7.162640307423196e-6,5,"[-0.09023210410841186, -0.28257911550429593, -0.09639192461430623, -0.28211944463305505, -0.08996557325148737, -0.7500852905768445, -1.5208419267156306, -4.818853817720356, -5.038651462361681, -1.4267371282713401, 0.7734635891227442, 2.976133255393062, 1.483965205614247, 5.812079516938862, 5.099496611124292, -4.589858436107653, -4.556865796264266, 1.667572791401613, -4.643291789839267, 0.2394187924496309, -0.9991231599482432, -2.119902793901171, 1.5816143375963614, 0.8249946059807808, 2.8462010846439245, -2.129545354705459, 4.11831284108217, -4.125690424523715, 1.393427159205489, -1.914999563325478, -1.880466620643377, -1.9365913528238248, -1.958527677220674, -1.6583405670180955, -2.092777347367916, 0.8186608187333124, 0.5409473330473582, 4.1549549852152285, 0.0072763953793712165, 2.8274888615652594]"
0.038688193314185826,5,"[-2.5666182540805327, 1.1103183958183576, -0.17099653289313305, 0.33772418473800336, -0.4609913065947934, 1.079262181207252, -0.7886139706046214, 1.7883734076206403, -1.0246861120941804, 3.6939659215404697, -4.930197282907723, -3.021398835029498, -2.0482525565629066, 3.6373683458437993, 4.0081839778377475, -2.4882610815399713, 3.2077766140744943, 1.087106034656709, -0.8261332838330085, 3.9997103514336385, -3.9538288738092766, -2.6347260001378037, 2.2563133729982163, -1.6794538260324827, 0.23777731198711982, -1.035561620317787, -4.406549995899127, 0.459694905089044, -1.0323216510419981, 1.3050074280009114, -0.8589485278400276, 4.576973042941538, 2.1345263968333237, -0.8187756069599699, -1.562354290265266, -1.5311878506099876, -0.2699327349619089, -0.2597544761973984, -3.295631319619878, -3.1584406594631123]"
9.968240736957235e-5,5,"[-0.15329066622488993, -0.4176448567586678, -0.1432813558531888, -0.3295220770451097, -0.15718780833862991, -0.6565643892384787, -3.8427507366238816, -0.4239437692041292, -1.4030208274373206, 2.586830898415106, -0.6883018504895247, 2.1262794874732145, -1.429867561848289, -1.3299503451379617, -0.8301249961765651, 2.046221196246988, 2.2402095350170907, 2.2702940658716675, 2.333388872147532, -4.110517296582605, 2.4084960196140646, 3.157658717878009, 1.8268781214102974, -0.008889358715881082, 0.7704874481989594, 1.7138149655760173, -3.5660141247287593, 2.5289631826068764, -1.8993580652938329, 0.3780907693664117, 0.5365188213323595, 0.4964412467374435, 0.48533825184494983, 2.443585449014561, -0.8858169953953107, 2.8036041663475357, 1.7215096210056549, -0.04494831269545164, -3.894511278405069, -1.3868062785740947]"
