fidelity,blocks,coefficients
0.10591613899581964,1,"[-1.0450784030244378, -1.2577619745978565, -1.2577619745036261, 1.883830678886906, 1.8838306788249959, -4.399354628411533, 1.8838306787782135]"
0.10920391442374155,1,"[80.83287423287955, 6.550253002937553, -9.157710264478485, 19.116623618133424, -15.44089559128465, 0.26706769715899165, -2.8745249572121074]"
0.07980907087180178,1,"[1.8559967190668905, -1.5513109552698943, 1.5902816925800858, -1.5513109591028513, 1.5902817026700533, -4.692903597350261, 1.5902817040196828]"
0.10698479825869889,1,"[-0.8120536353273615, -3.2945228109325013, -3.2945227428378927, -3.294522791807631, -0.15293010586745784, 6.130255211588209, -0.1529301067433089]"
0.1775033526319275,1,"[0.7074949296419918, -3.5483165849904763, 2.7348687220660373, 2.734868722218021, 2.73486872200708, -0.40672393165145465, 2.734868720043585]"
0.006030135655970215,2,"[-0.09029006868931724, -1.4245403538559702, 4.261733324777881, -3.9790863401939482, 1.617900483374368, -2.018870628486479, 1.1927393502793089, 1.1462001327829205, 2.350999787200765, -1.3154662592942243, 2.1665938634204998, 2.0859732274575156, -1.0178948428965222, -0.5287883368616312]"
1.2135063327534112e-5,2,"[0.11553892144185927, -0.9886828140760839, -2.330949083294899, -1.049600450042394, 0.8585175154039991, 0.3507592328219926, -1.567104017519355, -2.0562931331523933, 2.102950955286405, 1.059260220354397, -2.7212114375812657, 0.6503573590075036, -0.26414097727680047, -1.6559662993611295]"
0.008046124313812242,2,"[2.00029709018559, -0.4209564875760898, 1.1733686114449284, 1.0651328622133687, 0.9377391100528666, 4.099665079047518, 1.3178813040507693, -2.1134309869076917, -0.3467721510203998, 2.040766947571523, -0.36303100747237615, -0.5283517937274655, -3.428925600212099, -0.4782296899479181]"
0.8777167496834742,2,"[-0.8784646034120998, -0.9922463250944891, 1.3693903315449907, -2.9103972615072538, -1.0161048931515495, 0.919433866771505, 0.9230493803771873, 2.315426958370672, 2.131534510111819, 1.4384807397140102, 1.7869139867095623, -0.6760220569457109, -0.4011321282693969, 2.1143476744632004]"
1.1102230246251565e-15,2,"[1.6354301936997604, -0.7427555156423141, -0.15749932868594085, 0.5504220768528193, -1.62390419693673, 2.2417756134624267, -0.9315969651455765, 0.8548335135998737, -2.0508425166075037, -1.8276221235772774, -2.338015599323565, 0.826367538466857, 0.2733243667055315, 1.65439529850207]"
1.1102230246251565e-15,3,"[0.9764132011314455, 0.22337583749167045, 0.4571521169290186, -1.3813142803140317, -0.4705216579953228, -0.280764073633426, -3.19600369916506, -2.563351518621876, -0.8407419121707764, 3.1359688818738554, -1.24692542855295, 2.8956476609143205, -2.573817158610278, 1.941069399060291, 1.6328196794032188, 3.0124886280916807, 1.4803055847340987, 1.9665901489151438, 1.4634633832112363, 3.5137318749536597, -0.8041368451897797]"
0.0,3,"[0.24959964262966622, 0.36354657597948736, -0.8760928827719229, -0.46613391067271437, 0.6066538034223126, -2.8087711241070537, -3.315636073741855, 1.006229207179817, -2.523507108641669, -0.06640345713642153, 0.24335610988017672, 2.0209024804915208, -3.728654583220131, 0.3098824792817989, -2.0109714791118782, 3.0686526295565533, 0.8888728482232232, 1.1106099652238075, 1.14927092565932, 2.964097978674663, -2.916465628067639]"
-4.440892098500626e-16,3,"[-0.8645572945332446, 2.145354516647341, -3.5677724870889267, 2.3581800717536696, 1.9939275763947295, 0.8404465565459438, 1.288851335118164, 0.7788242307812169, 2.905434377781278, 0.24943340871855177, 0.3202558649514354, -0.5530535281777829, -3.9524464190119164, -2.3136570397315945, 2.3438836101106975, -0.12098954260537674, 1.9236171716420862, 1.4344769972313869, -1.4149278637151854, -2.019779361235004, 1.6881248176656725]"
-4.440892098500626e-16,3,"[-0.08354838474007067, -0.19556251711084513, -0.6173956168178778, -2.398352061967195, -4.1058313848038805, 3.6553585814199483, 3.0037588320015125, -0.955513876379211, -1.5118680967783504, -0.38138431098426945, -2.8030694191217544, -1.7174485160005448, 1.5024239569224662, -1.9035088301697956, -1.0106192861049037, 1.9643078244010215, 2.7903691909505444, 3.38467511325022, 0.18066007371207196, 1.7174699971523044, 0.9192170253903437]"
8.881784197001252e-16,3,"[-0.5804241482274399, 0.9884189519234353, -0.5613507699605988, 2.8744185135365266, -0.060517715550566537, 2.980325305425629, -0.9385013008529716, 0.8942513406454793, -0.946201197118691, 2.134142895997161, -3.21126482090805, 3.0138073888854415, -1.1235673768038854, 1.1211123526146796, -1.500321372114497, -2.4557252809983368, 2.887150268076581, -0.3835321395467568, -2.16328695192706, 2.980366747106225, 4.107918071644528]"
4.440892098500626e-16,4,"[0.8824499394435855, 1.1401179301871114, -0.585560612746684, -0.17216797614937307, -0.6409546101027174, 1.2999639294390823, 2.6055290347910787, -0.025605429286874277, -0.3643463403997171, -0.03814136057857778, -2.3841664660876645, 3.3464120966481308, 2.2047681143297333, 2.2453718697756417, 1.145845766574266, -2.137298322521566, 0.9284737942586642, -0.2749194717855753, -2.2494663869567812, 2.0704028280437066, -0.8692071582718961, 1.1928902147170357, 0.6107591085181407, 0.7582347043736367, 0.5892015312055968, -1.6040881436716738, 0.0779231894716362, 0.5691357761356332]"
0.0,4,"[0.017586657750745374, -0.7654271434591082, -0.7165934379185828, 0.7171377969825699, -1.0684731646177426, 2.9725836815137616, 0.00046623196945354414, -1.4071885772497168, -0.07752564279579131, -1.2789384355138795, 2.0998163842397366, -2.5152671464626883, 2.987557236280667, 3.0025221942952682, -2.7455638934319686, -3.316838738585624, -0.4727029842968715, 2.2800026562285534, 1.8203004382898784, -1.6444836990418954, -0.0474462478102762, -1.3715086738063034, -2.3999052347085374, -2.835550984869992, 2.2383804509787075, 0.083414634507088, -0.03941482469979018, -2.854466926315821]"
2.220446049250313e-16,4,"[0.324853689264385, 0.2744616554875145, 0.2143970769736687, 0.6001698438563966, 0.9393466135286367, 1.5098085468044982, -1.3838770734382895, 0.6596463160533943, -1.0278973256452992, -2.8308297308984693, -1.2180971274615955, 0.5749359071819827, -0.5955034361247385, -1.1462892862508485, 0.7490110880200637, 2.1854968859002715, 1.5846135969553072, -1.4587206916520268, 2.369462109992455, 0.5214993884905623, 1.670989678085059, 0.6762242689769986, -1.8693285015218015, -1.4340600263874004, -1.2797793940845845, -2.1210204629343496, 2.8286304926527985, 2.8528224021704713]"
-8.881784197001252e-16,4,"[-0.20387128993689582, -1.8337322155513591, 1.6699527819140647, -1.414454629713728, -0.13186598912244332, 1.5928353208758965, -0.950868040008131, 0.5161343729757928, 0.6263542869555541, 2.292779417479097, 2.4225411342224406, 3.032379292162157, 1.7520681313619104, -2.708379688084497, -1.141808812510325, -2.525963924561026, 0.06152579190600931, 0.2692021066181615, 2.606059675225896, -2.6345959077495062, -1.3208701845624398, 2.1181825984018476, -0.4045102216284004, -3.2987931270666455, 0.18348920513014558, 1.0455779291527332, -1.5837724209431456, 1.5268268897986896]"
0.0,4,"[1.3408688877591817, 0.6475798757766041, -0.3543876420511669, -0.45742234782062907, 2.5650917195605194, -3.1783608250708237, -2.8938792621043654, -3.2198684019372523, 1.7281151883246888, -2.2680964382132482, 1.4488564764418141, 0.3059936531447237, -0.8125761213204734, -1.1612230041765241, 1.7351824884525382, -0.0040806148391536075, -2.89232600829177, 2.4117972931981706, 1.3900202501906052, -0.211722163516728, -3.702420666474942, 3.0711812464763035, 0.47689211840778456, 1.270885119037611, -0.5618229686521936, 1.7649422186201047, 1.0882353538776763, -0.420294244677825]"
