fidelity,blocks,coefficients
0.004184737935684524,1,"[-0.8002345867904597, 3.67723590846652, -2.5447422418995767, -2.625990150729653, 3.713752095754065, -2.761222990286295]"
0.004184737935684968,1,"[0.8002345499169343, -0.05321190761777885, -0.11441907507890353, -0.03317113971332532, -0.08972812756201252, 0.1020616597304368]"
0.004184737935684302,1,"[0.8002345859769908, 0.13406544622667566, 0.07285830004369928, 0.15410621387846266, 0.09754926486181552, 0.28933904074496275]"
0.0054003001258990935,1,"[-1.3687976447404966, -4.547895125772096, 1.6797481599460389, 1.7122567546834409, 1.5452605699910702, 1.695398366409297]"
0.00513065686098757,1,"[-0.328581949641077, -5.221438044128359, 7.360384854131987, 1.174700816501583, -5.3197518560351735, -5.253028740300739]"
0.005400300125898427,1,"[-1.3687976360497642, 1.1117140596061066, 1.056172024711092, 1.088680643076354, 0.9216844330167792, 1.0718222327551883]"
0.005400300125897983,1,"[-1.3687976279499126, -4.7347962016769936, 1.4928470778556124, 1.52535570402395, 1.3583594865608501, 1.5084972857587637]"
0.005400300125898871,1,"[-1.36879763413462, 1.0419532372753406, 0.9864112026890477, 1.0189198224199512, 0.8519236092209493, 1.0020614111151394]"
0.005400300125898871,1,"[1.3687976373059128, 0.9949276621458566, 1.0504696983615212, 1.0179610782204613, 1.1849572910163109, 1.0348194895426786]"
0.004184737935684524,1,"[0.8002345864925041, -2.488329203127801, 3.733648957505414, 3.8148968720332412, -2.5248453866344596, -2.3330556086307004]"
0.0014088877130620236,2,"[-0.4375140385099326, -0.6466147762325134, 0.24327549944370017, 0.325485014176388, 0.5716327556074782, 0.3951721489368034, 0.5509877983138648, -2.2294417400810835, -2.26604633132061, -2.4852809421868693, 3.8715751595314054, -2.6397851593747346]"
0.0014088877130626898,2,"[0.6466147732530232, 0.4375140597338786, 1.7477002127085917, 1.7843048011525908, -4.2796458777014905, 1.9298685939237377, 2.1580436089835184, -2.374454799994644, 3.826521002419106, 3.580373235381123, 3.7568338905951797, -2.682167074107202]"
0.00010069562773140639,2,"[0.23329453763319927, -0.23329456008184876, 0.8678926246194173, 0.8684212546207492, 0.8499325897158096, 1.0794249851534765, -5.223668152159745, 0.4795716938128685, 0.4790430676243093, 0.4975317748288728, 0.26803934230991133, 0.28794717668211206]"
0.0029920897017049475,2,"[1.6963532603961615, -2.7937668261702124, -1.5282842630842002, 5.018034159006517, -1.271053045202683, -1.7361612518058465, -1.2396539377152198, -2.7661562649709523, -2.9772249625237586, -2.925223491818288, 3.8169146074093896, -3.0017578434503833]"
0.0014088877130620236,2,"[-0.43751405212826744, -0.6466147756380204, 2.973427036524408, -3.2275487287027835, -2.9814009643430155, -3.157861583478372, -3.002045926594732, -1.0808359993032932, -1.1174406140105955, -1.3366752482552127, -1.263004434943576, 4.792005844391011]"
0.0014088877130622457,2,"[0.4375140305678717, 0.6466147918897228, -0.035848228582022544, -0.1180577301659271, -0.3642054408727952, -0.18774484995142582, 5.939624832274295, 1.640333882858062, 1.6769384653870263, 1.8961730472344032, 1.8225022599691214, -4.232508056524414]"
0.002329457573058469,2,"[1.318483282829427, 0.3781794322663695, -0.6878332833023599, -0.6527175286109116, -0.7108482948253398, -0.5441344204036808, -0.5928143419738324, -0.8504705142408193, -0.898174420676394, -1.005072815547823, -0.8415779693308354, -0.820037330540313]"
0.0014088877130618016,2,"[-0.43751403503301345, -0.6466147788860399, 2.35046738726157, 2.432676898909466, 2.678824632686186, -3.780821277268274, 2.6581796734272793, 0.5611172814431921, 0.5245126941465657, 0.3052780909847199, 0.3789488819595857, 0.15077387616131466]"
0.0014088877130624677,2,"[-0.6466147841010934, -0.43751403019087515, 1.590488304149226, 1.5538837206658733, 1.3346491238576619, 1.4083199069954895, 1.1801449094684833, 5.035950523941481, -1.165025277326025, -0.9188775489626982, -1.0953381456227262, -0.9395225092202732]"
0.0014088877130622457,2,"[-0.6466147690849852, -0.4375140433268894, -0.7147994224924771, -0.7514040191836721, -0.9706386427561885, -0.8969678405702269, -1.1251428580390788, -2.270228812825046, -2.18801929486711, -1.9418715399776483, 4.164853151058615, -1.9625164949246958]"
0.0002053157707885278,3,"[-0.285768865780361, -0.9005447575333692, -0.28576886263008616, 2.980865562679381, -0.16842440297574876, -3.2495891098562573, 2.959804943510321, -3.3439216467693287, -0.8625646058652192, -0.8725419654096692, -0.8045218683930883, -7.028093844783091, -0.9893486312950739, -7.589519713196845, 1.827556768249317, -1.2536081544140003, 4.955786553547511, -1.3479407452029768]"
0.9048060065512512,3,"[-0.7471879564461807, 0.8273914235377307, 0.89740042601709, -2.834036705118046, 1.973521508638262, 1.9979713011386657, -3.1357743964578253, -0.7078461528682793, -2.784851248575235, 1.3894798073401349, 1.1049060684283525, -1.101524220583857, -2.422787712928672, 2.6371202000328307, 1.8743767708856964, -0.2412729988700839, 1.2201118680617373, -2.0070492659966064]"
0.0007084161133492639,3,"[0.5178319136159825, 1.0763009865171835, 0.8203495500268071, 2.5271104435269867, -3.8150516031860002, 2.236456516234134, -3.834960086150345, 2.4552340922080056, -3.366129283144334, -3.295901446601943, 2.815953190835563, 3.00390638056245, -3.29980053003517, 0.7517683341620712, 0.7332673996998349, 1.0282877731544215, 0.7830907348848752, 0.915254848136729]"
2.1736609699507525e-5,3,"[-0.8049701687588048, 1.4641224246946374, 0.6608374680914445, 2.2813225368883194, -3.925503435291807, 2.2404068306108673, 2.451042905587019, 2.070131958700281, 0.8608853172076216, 0.6456110138100262, 0.7510044737177458, 0.7259649244077124, 0.778935441582625, 1.423363922886362, 1.4526626901620971, 1.3567352227960292, -4.85887572425761, 1.5446648315110612]"
7.544953535054688e-5,3,"[-0.6285999312196435, -2.4164318323547707, 2.392704853992543, 2.4655400049315914, -3.7471500086099416, 2.5369826799206243, -3.796577824550193, 2.448160532250083, -1.3369007287791308, 5.115494341974833, -0.9576553026845226, -1.0961417633108963, -0.9691662621143133, -1.2004665559680123, -1.356516426052917, -1.5452557462499348, -1.4742485623828834, 4.714962218562304]"
0.0002053157707969655,3,"[0.2857686814691039, 0.9005447136723623, 0.285768685207, 2.3116376363755786, -0.822254411957251, 2.258910854051669, -3.950482738662999, 2.3532450004557246, 1.8514750309012693, -4.421732968599737, 1.7934322770757893, 1.7338190113848295, 1.9782591306728878, -3.0363200113126005, 0.1129708592527876, 3.1941351297465683, -3.0152600337965225, -2.994719184001938]"
6.443086730811842e-9,3,"[-0.02687774617982227, -0.08054073947590136, -0.026877865844182988, -4.533307957758033, -2.084787751789179, 1.0627798901838248, 2.0435652216900055, 5.192116375082155, 0.7532419750378978, 0.7533314675912227, 0.762912523199199, -1.243962935088197, -7.517616127148423, -0.9477239098851353, -3.39636702551772, -0.24765779306761124, 0.7331194369249046, 3.880957735969986]"
0.0013260958403622514,3,"[-0.5438538288857312, -0.5684386049628308, -0.543853900997042, -1.7696350666590497, 1.1316072146817437, -3.389659454276982, 0.22013820556117575, 2.4238647548504897, 0.7589665865057377, 1.2864268512965853, -2.2145487906914796, -3.2543277774482804, -1.4420719443352463, -0.4089864085587869, 2.4922887300906993, 4.254210007052657, 1.5808106889903983, -2.4986431467760437]"
0.00032899812406195217,3,"[-7.807462752152991, 5.557776276336264, 0.9856733722943336, 2.575406227569934, 2.6619812524315303, 2.379962916977842, -4.1853657346392055, -3.6953865872676683, 3.601163542313268, -3.4435089640141134, 3.188012738893314, 3.218048680060525, 2.5350164002710516, 0.034914688745796396, 0.7101872104058833, -5.618810853803258, 0.9143716964836585, 1.170484414382238]"
0.001230783552431336,3,"[-0.45158841872481614, -0.26482603408994704, -0.45158845619029375, -1.4591372414432007, -1.4591532757763976, 1.8242079932066046, -1.4120844749714925, 1.8183692283072215, -4.030207341403437, 2.306523196979846, 2.0427165392085924, 2.1328582415730386, 1.8817713131273675, -0.3394196053741129, -0.33940924148285373, 2.9439561238831127, -0.29234530102435075, -3.345072674838669]"
4.161878619513004e-9,4,"[-0.023559521342323253, -0.023566826858669333, 0.023648752284405966, -0.023606646890167157, -0.5883833420097129, 1.7052105941566384, 1.76828239818553, 1.6478935978898162, 1.5013011145851665, -3.674156285464496, -0.49386363992719745, -0.5533972232087817, -1.7212521685188986, -1.5713577663324916, 0.6940587358350451, 0.6947702414138508, 0.6977490686275934, 3.2551962351959216, 3.2582168971066663, 0.5854243560205157, 1.394004537986962, 1.3967005238094437, 0.10907771190416887, 0.11199090232619702]"
3.464482686288406e-6,4,"[0.38976412735973226, -0.3206351820249053, 1.495646314773308, -0.3210944613223738, 2.4981096171788364, 2.5894621931954256, 1.9458746785871106, -3.761431237156352, 2.605506878035699, -0.13034708505064363, 3.055367695486892, -0.06684391710656612, -0.07907310960387873, 3.050753386116861, 3.8827585983373947, -1.9953588310025274, -2.479541631586612, -2.615480523573775, -2.4761252959250086, 1.270755099856999, 4.452220381161234, 1.3260061801347582, 1.0907071892622522, -1.943032858876202]"
6.165539398805819e-6,4,"[-0.7612796815554338, -0.5570351383370226, 0.18501288115471817, -0.5581948136878158, 1.2347691665182305, 1.4542652950821062, 1.2341208385759037, -4.774195884604514, 1.451273635916438, 1.457718913875553, 1.3137009017779862, -1.752989840053616, 1.2761938605217926, -1.9935489339509163, 0.9294234731971773, 1.0405778037503322, 1.1218658934763994, 0.9462809784195079, 0.920483631516888, -0.6840592625498454, -0.7041087336226957, 2.564729136236195, -0.7542802990846855, 2.4114087305545295]"
2.416282408601589e-7,4,"[2.2857074208578663, -0.023309543105486493, 0.025473452297932436, -0.023614612170218544, 0.6347075428125165, 0.6573546602427742, 0.6337353300178374, 0.6358879028985448, 0.6339821453177411, 0.47495467040074624, 0.22089557289098224, 3.406842483130532, 2.2345823537813887, 2.2347928888507305, -2.8836687115972874, -2.874460394830425, -2.8636570276245013, -0.5660103281425392, -0.5480175068732186, -2.729594427775466, 3.7877033637240727, 0.6087118980835206, -0.545312007898658, -0.5423944579433275]"
2.178637550942497e-5,4,"[-0.7712676938179235, -0.4409811865144574, 3.4160702455705314, -1.221278558972697, 0.006933621834310772, -0.08567266677686633, -0.2673861437425387, -0.19505576996809515, -0.17081106369194649, -2.2682937576600293, 4.132007199261793, -2.0137762182473837, -2.1360797378105283, -2.218233013829206, -4.781171582226998, 1.8055924521028726, 1.9275150140209807, 2.0007930629015758, 1.7814171476224854, 0.5956700405414518, 0.3218408666837779, 0.3089714841090309, 0.1442866409275593, 0.2868204611945128]"
4.916186178149928e-7,4,"[0.17377249340378226, 0.1879399012936544, 0.022610049771581927, -0.03775299240850564, 1.7238580776103094, -0.9912459209066645, -3.959179652682522, -1.6309040470194784, 1.5894332166362388, -1.1356377196241965, 1.8292532040780733, 5.064206943884789, -3.0099691075543924, 0.34399981624633746, 3.1998007872398775, 2.07058661226538, 0.9146863403281148, 0.6736790422637141, -0.4701410056969531, 1.1595528404601523, -4.242734436502527, 2.921430798470715, -3.6437597811458913, 3.5326775388455176]"
7.630240583811343e-8,4,"[0.01413233964881473, 0.04366243208799396, -0.0033029725490853184, -0.03003959394159639, -0.7642047275746059, 3.4085229232724616, -1.06734699479347, -3.4319418536283535, 4.6817669443463235, 1.4475227782956857, 2.234611998466848, 1.6614845047305862, -0.9843816049692703, -1.5711525490872236, -1.8887633604366107, 0.2941432525216977, 4.718812276567989, -1.629430570403091, 2.7703972899401186, 0.9109989708801457, 0.05175275359245596, 0.6828842569388403, -0.5386708106178343, 0.10757126757647514]"
8.05712628759725e-6,4,"[-0.34299128113440525, 1.591296728269524, -0.05764591693970246, 1.5977800696858067, -1.412427363530585, -1.5277669980810122, -1.0054219873240924, -1.2937907680389171, -1.714576670847424, -3.0203517781455878, 0.06516390236650141, 0.07240161031075855, -0.10594172275472911, 0.04195041782693981, -1.8266678311111992, 4.5523276172001665, -1.446456140641421, -2.13371014379756, 4.151548662102189, 1.9940728788687951, -0.9098529112027749, -1.032223273682068, -1.1911097010179335, -1.14635199485707]"
4.215878667834794e-6,4,"[-0.5953220276884249, -2.9323726214808636, -1.4417851360596807, -1.454189963687151, 1.083703699163199, 1.0308493733010335, 1.094538821709284, 1.0203020637883349, 1.0205641622249122, 2.327470548861211, -3.916065955985704, 2.3872011859789146, 2.5694958213570045, 2.2949404065516537, 2.502035007241187, 2.628421665725205, -3.633311250241795, 3.1758554444464617, 3.142233842652765, 4.379659416189777, -2.027093803304965, -2.142273945214814, -2.7529155151523246, -2.564213154627245]"
1.1673537692047375e-9,4,"[-0.024380462836114225, 0.024633113023452825, -0.024376243755673245, -1.2923744518816138, 0.7396056122793123, -2.8591432536178365, 3.4289494168226824, 1.4464491188103419, 1.4515766642333898, 1.815947775807037, 1.8162829624862007, 1.822780022957383, -0.5323482440127466, -0.525298879177211, -0.0046158285785013135, 3.59371091558774, -2.6823781535281697, 1.6181712882370363, -4.658402662647669, 4.205705011866881, -2.077719381217829, -2.077815693793457, -2.0773715364140184, 4.20555472396645]"
7.073694952008935e-8,5,"[-0.036284149404286294, -0.022587712948662332, -0.060342386510196154, 0.020857258767991844, -0.03638265756246285, -2.6796864621416443, 2.9754344822685357, 0.8461837192629424, 2.117977285059844, -1.5655165129939197, -2.665680438786069, 1.8067704420224378, 0.0014552108038252297, 1.9194754085609023, -2.201054939714387, -2.4256073250480035, -3.4797341223339626, 1.7553256835168012, -3.8959872904254222, 3.398692426080047, 2.2548426325268247, 1.7212938111868965, 1.2027340198035936, -0.7065277840571067, -0.08998591144742037, 2.4898504251035165, 0.23306339130849893, -0.5368856342382746, -2.496860804262131, -2.558941788622513]"
2.7416495740339997e-9,5,"[0.023225044273629075, 0.023213248899986338, 0.06971072857308852, 0.023221225189773508, 0.02321814901942372, -1.3903678322005828, 3.092875274083178, -1.4170383545025433, 3.5830832215457527, 2.000473648709823, 2.128680985499681, 0.6861852501744992, 2.050918713195281, 1.5401154959965697, -0.021719873249727965, -0.7780391288991317, -0.7782376547822085, -0.7812380489281587, 2.826110652304216, -3.4605824414038433, 0.6449680177923868, -0.6910272792526523, -2.7030816567119302, 1.3293223164511567, -0.021700068526898528, 1.3746781241561505, -0.3298670380524787, -1.462615995343218, -1.005723272512683, -2.799759704317032]"
1.0647892345616583e-7,5,"[-0.004316947131393992, 0.06745088203236851, -0.015175274156951477, -0.00284184986210576, -0.36257927003840423, 1.052290488432848, -2.9078995974261534, -0.5593485955008721, -2.2458061999604193, -1.480604838839984, 1.8087123104769003, -2.5676084600152143, -0.6232588355497988, -0.4132285794349047, -1.7991223049169596, 1.9293047159539125, 1.8363491687545839, 2.1101587108885225, -1.0347427678188348, 0.07179478164586617, -1.0763848698809584, 1.3948773859735983, -2.8301533078466257, 2.1144098215446046, 1.7467917657571634, -2.9735662821550397, 2.9833455590744054, 2.6579354482578252, -3.938834415858462, 1.979896012548955]"
1.7644518796045006e-6,5,"[-0.34888485761800525, -0.6525085826859162, -0.3761851056704741, -0.34616040168688594, 0.108204721612757, -3.999784926888441, -0.9946725539628615, 1.9663524719513297, -1.6535027116329657, -1.89703055286613, 3.064365425923276, -2.9320486300454154, -2.5398470020407675, -3.786094593303018, 4.712769455007797, -0.35555342446834964, 0.6870481172686952, -4.131660793918889, 0.8997237056775005, 0.7536439600221644, 1.0071574316008052, 3.203034249317718, -1.2239521728846259, -3.597528241407791, 2.5309296829318666, -2.40278361869752, -2.6477567897297862, 3.3600921491292466, 3.4836615832998663, -0.7820639262130279]"
1.811497218895397e-7,5,"[0.31954040571352643, 0.005138813309775556, -0.01156484425281868, 0.07095537118613515, 0.003238145756468094, 1.0604760688533301, 1.4466310605946877, -4.448263809656693, 2.2034620575486548, -3.634437225936814, 2.8196881772515363, 3.793536649586063, -1.2583032399323868, -2.1641202904135426, -0.9621772160352816, 0.08080878190573748, 0.06224871481279591, -0.17485526279190855, 1.7273737166848562, -3.8606473040570686, -0.6381658472801861, -2.911586292354716, 1.0639321070679066, 0.8624166967230495, 3.015384892860193, 1.7165972861078682, 2.6491990317699465, -2.7228503483480933, 2.3786402573659036, -1.8705724892497984]"
6.856530454513177e-9,5,"[0.00029690853323900566, -0.021437975497826212, -0.021460590528382326, 0.02626093404575623, -0.021850220965781424, -2.674454567080344, -2.703220540880472, 3.6029073211781717, -1.2513170609410578, -2.6328775489860097, 0.7382114677975871, 2.8846473914458577, 0.7656433455425393, 3.630917180319154, -2.3505426916847014, 5.222314180531092, -1.2016006607427179, 1.059536314391902, 1.935970304023327, 2.032438927983005, 1.370563194732768, -4.92587646090415, 1.3444004384686796, 3.0400548805024794, -2.6506426294727636, -3.8937436984754474, 0.4256996033821504, 0.2719449513119053, -0.31126961585540364, 0.08452819251792047]"
1.785368575202284e-7,5,"[-0.03391739743736912, -0.014610003048171468, -0.02616512026870529, 0.062425712148809084, 0.0024731902713483887, -0.40918951715849944, 0.4333207664976073, 2.353478083107712, 0.7462612960252798, -2.0847609632607615, 2.0957433579363567, 0.2838456008164307, -4.260883043748631, 3.107065442901617, 2.3837580109945384, 2.5255004359510806, 2.252298879516543, -2.6312611235734793, 2.446851037727586, -0.7153507928769256, -0.7003441266083301, -1.055026114395997, -1.4446835624483174, 3.578115509035785, -3.1913120865669624, -1.1763264062408616, 0.4204345072075202, -4.223066062509303, -1.2764999594752264, -0.3533691446905706]"
1.4993008268238128e-7,5,"[0.014797831312709425, -0.07125237725846213, 0.014162600360906207, -0.023778011122986116, 0.03249791581653825, -0.7525356507787903, -3.543056503686487, -0.5991846573200577, 1.0181087255457595, 1.092758430500108, -2.711482316320154, -3.382261413215417, 2.141562733723369, 2.364920130130886, 2.4009300662386917, -2.321069949648587, -4.426678091738742, -0.32370367979330356, -0.15611532824173768, -0.15115476785707418, 1.957457412205987, 0.6459988389613837, -0.5649763813944456, 2.540905388877901, -3.8399436891727925, 2.3924815510474278, 2.9885721087709727, -2.119539740976291, -0.9129840295878693, -0.9428912330724016]"
2.6423307986078726e-14,5,"[-1.3939389176767503, 1.4173726605076462, -1.9575507627198938, 1.4389935333202715, -1.358586517252887, -3.4211667400310994, -3.1197922759204966, 5.1136746841108005, -2.7050079154242392, -1.3309739632970539, 1.8519211459627511, -1.1145985865880275, -1.2800687836257576, -3.8588300680942744, -1.3477773002836795, -3.1182760761195674, -3.0084743801393445, -2.73955655175073, 2.352085843891431, 3.0112287361868564, -1.588646353131991, 1.4649559884049097, 0.8915759544360532, -1.4805566532648728, 1.1827864295628854, -1.4320796551314592, -2.6195996083228645, 1.6144196195392242, -2.2971271384799827, 1.9667698688913478]"
0.001263965365230546,5,"[1.2410161970375928, 0.7294701663013214, -0.8640611162267278, 1.9366088561044217, 1.3122492198433526, -3.065860539821652, 5.401772969043921, -0.5641462048032977, -0.6103054169094462, -0.826402670417453, 1.655088898905604, -0.5119780452732001, 0.6713580446814664, 0.9373491377561795, -2.3492143178334333, 4.278529854210677, 1.4110808183572843, -1.8980871656724405, -4.477109756522404, 4.471012627957097, -3.242761699240925, -0.9795060246155795, 3.7401230165952666, -2.4120847683793616, 0.6649387898471277, -0.07716585575378072, -5.794402249989283, 3.443048588341729, 1.0667481739516111, 3.9028712832316654]"
