fidelity,blocks,coefficients
0.012720074235460732,1,"[1.3496319453114818, 5.450331602245283, -0.8328537646305791, -0.832853694311642, -3.974446428310187, -3.9744463301905704, -0.832853709542819, -0.8328537152943233, 2.3087389298876313]"
0.012720074235460732,1,"[1.3496319451841647, -4.1337627536316, 2.1494225414220107, -4.133762753633071, 5.291015207432595, 5.291015210337888, -4.133762753635254, -4.133762753566599, -0.9921700998361676]"
0.0695871956123566,1,"[0.8067985099812313, -2.4173776026402836, -2.4173775955645715, 3.8658076959678, -2.4173775999904303, 3.8658077078728534, -2.4173776032871244, 0.7242150716231147, -2.4173776016215514]"
0.062168280006684506,1,"[1.0668145407629708, 2.245595984119351, 2.2455959834087835, 2.245595984120545, 2.2455959845464757, 2.245595984064193, -0.8959966706846957, -4.037589323056909, 2.245595983915196]"
0.07096061378137064,1,"[-0.16472772586994663, -0.2648685710636818, -0.2648685654786693, -0.26486858443494654, -3.4064611742748103, -0.2648685704947375, -0.2648685456352204, -0.2648685788126443, -0.26486856914121276]"
-4.440892098500626e-16,2,"[-1.8391197653005875, 0.5372882614796245, -0.7042113420424939, 1.353134372534756, 2.2584532528016137, 1.052564803085825, 1.5248552057876874, 1.5276251455235474, 2.4642439565136556, 0.6240474988408704, -0.6851277187041765, -1.4158637243836443, -0.31307294330240865, -1.709218997224956, -1.0360497839347043, -0.92496113958421, -1.7118456205114738, 0.6253868640852022]"
1.869227625350689e-6,2,"[-0.1142569542025628, 0.2742975749780104, -0.9139696935369687, -1.0958998225646428, -0.33015491378635703, -1.092832032741046, 2.8736539343909064, 2.32582261154553, -3.4600297236261985, -3.325755515092728, -3.9510986457862085, 2.2172874153342477, -5.848483071183791, -1.499274992504127, -1.4405957998939865, -1.5003061360310472, -1.5475851051739673, 4.633204060443948]"
0.0019670327688599,2,"[0.6006650179671329, 0.10889278392737774, 1.5226280258579963, -0.580701506219878, 1.0351579601049792, 0.6037749251340074, -0.969746508173912, -0.7434525988546127, 0.4495307426748581, -1.2354433135655638, 3.401241251835785, 3.4348309338078207, -2.6329084971024828, 3.491553618012778, -1.9594080319419207, -0.45619268025201876, -0.3078397747643716, -1.57011781634565]"
1.3322676295501878e-15,2,"[1.243924876380998, -0.4435967278861625, -2.0253682233005255, 1.2117565325958055, -1.5178866049930348, 0.6921257272376692, 1.864794353115818, -0.454024099264074, -2.9528721300147422, -0.16595905954245924, -1.2188975641301256, -0.310459424891623, -1.2367298341910569, 2.4878009277756847, -0.1949758257797932, -0.3235089944879154, -3.8869405776652832, -1.2371576470681733]"
0.008190875650518903,2,"[-0.6213617286133182, -0.7613368561480249, -2.046753055228251, -2.0455629242360196, 1.0897460347714765, 3.962420561681258, 2.932082550891398, -3.2825805791797262, -2.990836304754085, 2.3678741412051916, 1.8857848418128935, 1.8868833434410548, -1.2442902729060366, -1.4217214793775306, 2.946469857353201, 3.111456250104273, 3.2868185407717907, -2.391058569693268]"
1.1102230246251565e-15,3,"[0.3532596872226644, 0.694471153081958, 0.331900014761835, 1.797061907774771, 0.21324926481160367, 4.0867594126736, 1.9681607180902692, -2.486430418322454, 0.9868285035575755, 2.019748130498145, 0.7032740813422229, -2.5512799230689134, 2.5698340184781396, 3.290220183265124, -1.9306510655095066, -0.09064276466936158, 0.012262563035861965, 0.3942779978136798, -0.23916403049250273, -0.5201144196008909, -1.8759000614816974, -1.7363410073075118, -2.0281229993295855, 0.40303903378040534, 4.184863699563693, 2.988387383319924, 1.0079507940350803]"
0.0,3,"[-0.6951549312876721, -0.8688088914226302, 0.35282217227166857, 0.6873226624604531, -3.5497112469554266, -1.4128725992364668, 2.8343579443855607, -2.9412263650358184, 2.0540109843416166, 1.6205958716930322, -1.1668314662332586, -1.5502426060650116, -3.587882865323615, 0.22601994503866618, 2.4227640807195443, 2.300609769752827, 3.450210071621612, 2.321959904882441, -1.7378075830720556, 2.1740965928418534, 0.21593597426863698, 2.3841012089278655, -2.6263939008564168, -1.6885667267504407, -0.06187657285452026, 2.003146192071209, -1.7983472843198647]"
-8.881784197001252e-16,3,"[0.7212721270435333, -1.1034634036010098, -0.27107980655613717, -1.9119193203598102, -1.9144410117185668, -0.26673167205174675, -2.2966851264019215, -1.3082757288337665, 0.6020414669069429, 1.484977318603192, 3.540966252087786, -1.6358791916199957, 4.1120062816527785, 0.6342727238003738, -0.16865288149122018, -2.6429128735911704, -0.18372352350646715, -2.56848136956581, -0.04522964910469803, 1.8015610844840697, 1.1790598819413467, 1.4492654652904895, 0.6758201372737803, 0.782270185228035, -2.3472849013133463, 1.134306838028727, 1.3548816223385547]"
2.220446049250313e-16,3,"[0.08079645931421923, -0.760077131964491, -0.512201920559158, -1.801774678632279, 3.118914046673744, 4.094251145366904, -3.122240779459623, 2.8273492544330368, -3.4537687626760736, -0.26636972364487665, 0.0538465003575487, -0.40122312078921074, -3.0506118903071684, -1.3492735776249862, -1.3512516325635036, 2.273872530677322, -0.9147379929910354, 0.5566601500615797, -2.9193823194949147, 0.21432498826043214, -3.514553161784131, 1.8197786877576154, 1.3058142029049935, -1.226775340732251, 0.5039911608450085, 4.41332152742637, -2.068424025472454]"
2.220446049250313e-16,3,"[0.08168071448525238, 0.6558169364219234, 0.020039790129897397, 2.1912394756601437, -2.3662216697886462, 1.3585027868187196, -2.4707052564124568, 2.8602587829774295, 1.6508487709737474, -1.392720965705649, 1.268210109523366, 2.600390429014517, -2.3255157477387343, -2.4233431151166736, 0.022616272954352767, 3.371708434284434, -0.1586693087140118, -2.905351416523934, -1.0653479711311593, 0.561975527813728, 1.989137849046214, 0.6255469190989438, -0.7119070085921448, 1.4462618861080176, -1.790128870772377, -3.4547252934779653, 0.49472154984874755]"
-4.440892098500626e-16,4,"[-0.4994453616375113, -0.29430495146734, 0.31228795049451125, 0.19624902998882274, 2.1179409190559646, -2.2063265768539155, -2.0635267947728777, 0.32969514036652053, -3.1551532839808343, 1.425287763524435, 0.9258158419594487, -2.0378849974301896, 2.3285121421761166, 0.03261008336916187, -0.22772989192022466, -0.46776060061953756, 1.9282032900329542, -2.188721919066377, 1.0313305026062958, -1.4385814974402686, 0.05547814671369864, -2.466272067251463, -1.8188766660239546, 0.5221177125341008, -1.5217819577830751, -2.9306634336956785, 2.1608626790188326, 0.28411173316796867, -2.7199789842602984, 0.3774580735864974, -2.3581413401685025, 2.168039850861576, -1.4219842426965499, -1.2294337917291096, -3.206541679602826, -0.7590727007393395]"
0.0,4,"[-0.4895653552915844, -0.08396296080031479, 0.3561399150613135, 0.10730941560854196, 0.13565549866494575, -0.8961021700883314, -1.0515574714153848, -2.3415189633049915, 0.5963460524202228, 2.117816396214863, -2.197465342922081, -0.7166799675752107, 0.16098073716310507, 0.5366835829169017, -1.4654329833920552, -1.8436135488758676, -3.205000457098508, 0.549345785302335, 2.908545804836028, -0.586585824809238, 2.9850531446083792, 1.9226344299976879, 3.0131902981220176, 0.6453056526528551, 1.227051950482718, 0.3189419736806197, -1.0733298179744033, 1.7154479899734905, -2.8155924041694633, -0.9492870975312078, 2.8883377256340057, -0.7839943440602002, 1.982622758200054, -2.084874722173274, -3.271709731573124, -1.2751833268170634]"
-4.440892098500626e-16,4,"[-0.5226712016508004, -0.578729718033109, -1.0031822844619849, 0.6495337034536751, -1.922246097231868, 1.75847185526557, 2.4915745931717073, -2.9803674742821604, 1.9815508865499882, -1.6829547019696323, -1.0360082318705321, 0.14113279566443812, -0.005509242530823419, 3.4016339402350075, -0.004197071171779183, -1.3682909624415325, -3.345060725228474, -2.7248479178477414, -1.215744250585938, -2.155893770420239, 2.3058585252694903, 0.9308755000627001, 0.7331053499134031, -3.039084600623748, 0.9377414647844328, 1.381332138810219, -1.2578845725035146, -2.71629691939778, -1.0356563059034332, -2.8424385703237482, -1.756433478063444, 1.0793267999186547, 0.22974940506954075, -1.2147652597767522, -1.1944387439783943, 1.6053570262147223]"
0.0,4,"[-0.38658821856660874, -0.2926454225933078, 0.02305181515650125, -0.6982393697990539, 0.9929739940521305, 3.237349243658066, 0.5313500534625589, -1.750087248083119, -2.2085236146422718, -1.4278011536614028, -0.03292981182078722, -1.7426564968190692, -2.1434218101112346, 1.2583364784118098, -2.5755395415302162, -2.93333467862817, -0.3290696495961651, 2.0886571323569028, -2.5850510262614064, 1.4770660178604014, 2.8223729226609167, 2.6480503394941253, 0.8353053942293679, -1.9424796162772466, 2.404476816263053, 2.3584224539309093, -2.8620134195697218, -0.487817933284384, -3.074658267076115, -2.4228608198194785, -1.7796071300781882, -0.9329017771655762, 3.1915105966529023, -0.37930365300499014, 1.8974410037715679, 2.414954406901311]"
6.661338147750939e-16,4,"[-0.48250055010506226, 0.16795952504704734, -0.17297229920379045, -0.9570560294707311, 1.1154629032041898, -1.9878515057287942, -3.0060072767701795, -0.11011451866233894, -2.3049897768943, -3.5735925036698375, -2.425216820523276, 0.8397112888306342, 0.39344044911577436, 1.1876545144215662, 2.7056586950288675, 2.0861972211448148, 2.1944790816966377, -1.1392267201336725, -0.9712760459819006, 1.7031499977962343, -0.17129646656605704, -1.5498231557777777, -0.11481047482541887, -1.2793680569462484, 0.6378844085328842, 1.2019264896058965, -2.3569976343804173, -0.21695625034582244, -0.7338942471598321, -1.1143262978271518, -2.553874100858577, 1.321269706727772, -0.17101996879383402, 2.460243493392255, -0.49725673833192185, 2.2974055173075127]"
0.8033998853795778,5,"[-0.3341777358757606, -0.6964952324904596, -0.8254073811356871, -1.1579856694969322, -0.7853536431159667, -2.6675270226735006, -1.8952038646314053, 1.6235563017346955, -1.071966568659639, -0.1434484356483502, 2.6719600828777974, 2.965913883588295, -2.5796784657384633, 2.103793680186508, -2.012334841007871, -0.9057754341917178, 1.0394804462726794, -2.4216670765679207, 0.28667130567330507, 0.18269149772524024, 0.7385615111779242, -1.9346551090752075, 2.7253264362334817, -0.8726050747041502, 1.772692398216006, 0.11813831993735331, -1.4497216711888583, -0.3377065178219628, 1.893236751762893, -2.773458065288362, 2.041725422514624, -0.8309214399739696, -1.108761599718155, -1.2598849861362906, -2.8763208813200642, 2.121883484419414, 0.3461012271454888, -0.09503864231323761, -2.052634485309757, -1.4238610800467382, 2.01823764182387, 3.004710581832186, 1.7974246123478392, 2.989952187462766, 0.5378455527204418]"
0.0,5,"[0.40608304153190505, 0.09418363698283558, 1.5560565002641222, 0.2112470902089528, -0.50632356376245, -0.07547616584457287, -1.633899588626825, 3.087750946692027, 0.058925008359003765, 1.0484252329288202, 1.7755812529554962, 0.3135242861680997, 0.08716679914950126, -0.9184146797323504, -1.6481082671625253, -0.712511114331222, -3.4588194362692923, -2.041846241101569, 2.805318422712207, -1.7614220255018123, 1.6005288083656464, -0.7803355522696387, 2.8883664198428045, -1.9735660658905525, -2.0358882712424125, 2.6738838321551333, -1.4993871281159488, 1.6395997845915762, -1.440910759508406, 2.2391199732348745, 0.464283701207983, -2.837436949119154, -2.2860840229757162, -1.570619734441834, -0.870644277270067, -1.6548881773411204, 2.5462998310328686, 1.5630837483083715, 0.7615184694612495, 1.1825779764470061, -2.904023497869528, 1.1961672011066717, -1.6162392450991052, 1.335625734108621, -1.8367884506885817]"
-4.440892098500626e-16,5,"[0.2802043241782874, -0.355042420491825, 0.3017227292791928, 0.4074572810719128, 0.5540213064100185, -0.6691599688421033, -2.8634764035428413, 2.6702140948713424, -2.873653249009815, 1.7595791842089807, -2.928092735299457, -0.8721669168081604, -2.6256741016302905, -2.2370136776983007, -1.6145747511094706, -0.4663393630248475, 1.4116957768699911, 3.2942061576622508, -1.485340970951123, -0.9771418265733861, -1.495961711463557, -0.6575008430324355, 2.034655470086468, -2.408625718180647, -2.021499746780425, -1.4881804987984564, 2.9654355612329844, 1.1225549020908772, -0.380643997501637, 2.3560979581365404, -2.78194329914142, 2.3335976892587498, 2.76152443505918, 2.485756227233845, -2.7553268694758777, -0.9108789151851645, -2.9670480098890866, -0.559296485586732, -2.6952038286523194, 3.249474185719034, 2.049502555798068, 2.6024257671748345, 0.08815252826156586, 1.1401892955600423, 0.7561883400492148]"
-8.881784197001252e-16,5,"[0.043172859799993066, -0.8910694568452747, -1.2579539673209414, 0.3666916880572185, 1.0576959678894389, 1.2122074514033232, -1.1907501901167523, -2.0042370869159005, 1.6823426378249668, 2.742333626450331, 0.6673675315047408, 1.707600673696322, -0.5968841003948933, 0.8373327349167279, -1.3867680064971564, 2.502971385430491, -0.5702778559011792, -0.5915309961536088, 0.7773784145942066, -2.31315513415499, 2.797405110157413, -2.9793233048928363, -1.4483828298767778, -2.065395504281626, 0.24639992794593504, 0.9817571760934343, -0.4821810480420581, -2.7505300151803316, -0.20797492962635059, 3.0107086159379435, 3.108061050752363, 1.5282684580486567, 0.11480732010334944, -3.2721518097970272, -0.17313871843416312, -2.683802881948719, 1.9114708699853231, -1.2443353273537232, -0.32742572275828435, -1.7849057909673358, 2.851438867590815, 0.7149103488968986, -0.9073248616941292, -2.9911578533126675, -0.9254195574896047]"
-4.440892098500626e-16,5,"[0.05007017080453438, 0.2363849370508278, 0.9683395229658296, -0.2569088502079551, -1.119545999790263, -0.29075336721094597, 1.634687127504974, -1.4106272563649922, -2.972570226940851, -3.4203271649269453, -2.3046143907851837, 0.18896617789454528, 0.6615934456333785, -1.681345814268347, 0.19081018615977177, 2.4632758395816894, -2.0202706662340932, -0.7253681143718567, -1.867744361824774, 2.371977076275246, -0.9559161149069557, -0.3871163046639531, 0.3076929301021913, -2.1171549684410254, 2.69479002462599, -0.43744201823537704, 0.11183196087209687, 0.35969229080600734, -1.5878077037505263, 0.6940180620761868, 0.21379244564827568, 1.6237010027644951, -0.6163004392263347, -2.191542979640904, -1.5719158023660404, -0.6595610489734928, 2.871336446517322, -0.31829909473132717, 0.4698777552792823, -0.6486328740394626, -0.8407201046525384, -1.4731666542731054, 2.0202276197856914, -1.4196633069785787, -1.5458027354129082]"
