fidelity,blocks,coefficients
0.010896354173491996,1,"[-6.428548626591808e-10, -1.2702152053510567, -1.2702152066433259, -1.7414541040431568, -1.7414541058214217, -1.2702152069015247, -1.2702152048993303, -1.2702152055723481, -1.2702152071581254]"
0.9085017704594176,1,"[3.824139721258609, -13.741213565854963, 34.5421401431275, -27.232025105291783, -8.777362137893387, -0.03782953309714632, -11.705534941362036, 37.78692534781948, -7.4835087540783185]"
0.010896354173491773,1,"[2.7117129640812743e-10, 0.7374694185388152, 7.02065472671923, 6.549415827768242, -6.016954785926316, 0.7374694186639885, 0.7374694184658982, -5.545715888586392, -5.545715888629849]"
0.04257643103000208,1,"[1.6032839616147314, 2.5738803874267218, -3.403896570802955, 2.7812459811406036, -3.4759761679039256, -3.443076880689542, 2.8717871145518497, -3.5348471765346376, 2.7115684052761932]"
0.02905622827534804,1,"[-1.4472662420855515, 0.3961471495774723, 0.4801426461744533, 0.4597504440459069, 0.4651404505430043, 0.43089492027468895, 0.4850803903854649, 0.483900698737401, 0.0028148738901688864]"
0.029923514807389195,1,"[960.4262839736049, 35.97882122452617, 972.1270782274189, 639.1465825396155, -366.59369058390666, -692.8874887558743, -560.9142577040911, -944.1771041292246, 915.6632259952341]"
0.04024953827619393,1,"[-2.7841929768385123, 3.7610178545570885, -2.5578364559400453, 3.5333991596644396, -2.792617856242927, -2.4944656906558214, -2.503701661218542, -2.642402175832562, 3.704390839043942]"
0.021372006511065522,1,"[5.515343012311133, -7.777559098368032, 4.773425245565506, 4.402429100880414, -8.227044526375533, -1.4940539202005534, -1.5278305923504245, 4.7496619201943835, 4.789553754423249]"
0.04466280880144735,1,"[-3.641847289190869, 1.004503175708411, 1.0371015636772238, 1.217934165148921, 1.0143797468316291, 1.0887252183577296, -5.062679377524914, 1.1243357496688553, 1.155951290485498]"
0.03543770987372752,1,"[-26.124484822422758, -2.1409538361257687, 236.30438861028694, -58.588380711602426, -178.0180545634636, 16.773447093079522, 54.50475112553543, -58.76377589099128, -2.1292589657616343]"
0.0007874208821117001,2,"[0.15888881021374104, -0.10005240694646093, 4.560996637325472, 4.567585904443936, 4.352087497519699, -1.455960439155943, -1.2722017755620063, -1.2839180486981396, -1.2843811801932306, -1.2841741181754043, -0.2925305652143051, -0.2844576688714181, -0.5919240130168277, -1.035420384157513, -0.7147546446564725, -0.7302988051120177, 5.552500616532611, 5.552707122667971]"
0.0007874208821152529,2,"[-0.1000525401321022, 0.15888887844845062, 3.9594757569793986, 3.9675488106053685, 3.6600825802389143, -3.0665986888393744, -2.7459329631139795, -2.7614770901686994, 3.52132243335132, -2.761656360803164, -0.5139342261006357, -0.5073451002620375, -0.7228436583220627, -0.2477067442270172, 6.2192373844715405, -0.07566426565663469, -0.07612747865726525, -0.07592047506948206]"
0.0007874208821132545,2,"[-0.10005259916513438, 0.15888858798333724, 2.174973746210728, -4.100138617378211, 1.8755808151758089, 1.4320842548557093, 1.7527496177420043, -4.545979907750071, 1.736819556682286, -4.546159266064733, -3.217667464510353, 3.07210707187626, -3.426576987858601, -2.9514397084426367, -2.7676804631263154, 3.5037885764118313, 3.503325454370403, 3.503532485833619]"
0.0007874208821119222,2,"[-0.10005246099109276, 0.15888875225065222, 3.118603236491785, -3.1565090509639777, -3.4639753155706767, 2.375713582962684, 2.696379201951054, 2.680835064196842, -3.6027360756409768, 2.6806557018504353, -1.734080248243859, -1.72749108031461, 4.340195758157961, -1.4678522221912034, -1.2840933753186763, -1.2958096778056583, -1.2962728653700684, -1.2960657571223504]"
0.005613761020495933,2,"[-1.4902286325924055, 0.044528609735979066, 0.3673663695539705, 0.2780660835944554, 0.32680001618846666, 0.3035470534346137, 0.25762175514057395, 0.28115910558549684, 0.34332243986429256, 0.08632710459044937, 1.6818204335708322, 1.7032484694170824, 1.251723547824481, 1.2951170584929854, 1.653223811032503, 1.718311834654852, 1.6969335995346788, 1.6777862926318605]"
0.006718883858301994,2,"[-0.7553356838153629, 0.014996475802714196, -1.2635347024728196, -1.2114161227717615, 4.933710265891674, -1.3236940530191827, -1.4602554280446565, -1.4683351456081162, -1.4211430205814533, -1.385919343140605, 2.8700948553227166, -3.35853526053288, -3.8205194861743044, 2.525028894910456, 2.991122884642729, -3.2916884147998218, 3.0217686231100265, 3.062397592055804]"
0.0007874208821121442,2,"[-0.10005242101447306, 0.15888870393343021, 1.3524174070401385, 1.3604904046028843, 1.0530241492420436, 0.6095276184799496, -5.352992070796573, 0.9146490317853683, 0.9142632484726421, 0.9144697660241599, 0.9670103214137779, 0.9735995002772996, 0.7581010196437931, 1.2332385113415185, 1.4169973267914906, 1.4052810736078283, -4.878367405540806, 1.4050249530019723]"
0.000787420882111256,2,"[0.15888875058110494, -0.10005248454833267, 1.992245446695323, 1.9988346179406198, 1.783336074931706, -4.024711982845181, 2.4422322368158573, 2.4305159596071397, -3.853132493384876, -3.8529254341056145, -2.1108105614293446, -2.1027375484940056, -2.4102037489598738, 3.4294852088956373, -2.533034503775864, -2.548578680701834, -2.5489645282418882, 3.7344272715550924]"
0.005613761020496377,2,"[0.044528625847415175, -1.4902286386233856, -1.0483296945800293, -1.0269016604324366, -1.4784265856584131, -1.4350330491677081, -1.0769263153511932, -1.0118382823853493, -1.0332165467757342, -1.0523638497463597, 2.48745589948126, -3.8850296957525146, -3.836295744667585, 2.4236366092053414, 2.3777113064558293, 2.401248622673634, -3.819773329390385, 2.206416676012602]"
0.0007874208821117001,2,"[0.1588887133819693, -0.10005246340324747, 1.1958733794306462, 1.2024626041463897, 0.9869641081886682, 1.4621015205466987, 1.645860455766879, -4.649041100477437, 1.6336810917939937, 1.633888152028327, -2.436385084131234, -2.4283121049640095, -2.735778357995468, -3.1792748230049, 3.424575987247581, 3.4090318050098998, 3.408645931434154, -2.8743328840984534]"
0.00022159225767737212,3,"[0.22526198392705374, -0.04800647147071409, -0.24416767753425164, 2.652100279467573, 2.657489016797064, 2.5858284620800367, -3.3893030103586135, 2.9121773342022887, 2.8960858183862137, -3.397521459460559, -3.4101290379828413, 2.97998249544576, 2.9752355632930314, -3.789663586700191, -3.8187448035300284, -3.305274310510316, -3.279310260613811, -3.253070067632442, 3.047035510497438, -3.63157614243835, -3.6323297732683955, 2.736877765072662, 2.4574486961266935, 2.394979326378468, 2.385390291112471, 2.3695224204028396, -3.929203539646589]"
0.0026420967115969862,3,"[5.5806326245841795, -19.156850429761647, 18.79068989587045, 0.33058257430141896, 0.23980503690471736, -0.09964807224256983, 0.06907154454188288, 0.33645930673283864, 0.24086576081406094, 0.2510896590268445, 0.26051192440639825, 2.13644326264809, -4.245119014803296, -4.252841705623326, 8.060699045427524, -4.344418726452168, -4.145171013358387, 8.165647633233311, -4.097574225912494, 4.718369361989421, -1.3781548038682467, -1.4428537488497795, 4.679568550124898, -1.312689976670025, -1.446159320718106, -1.1898792713843465, -1.5158262199303605]"
0.00441114010944843,3,"[-19.157501526531778, -1.3825430681263213, 27.509990423185393, 0.8080541557178479, 0.8459899427959747, 0.8791077828012598, 0.5392652224645549, 0.641970212661027, 0.8126053788878509, 0.77012678920205, 0.8821295481171318, 3.2120160921102894, -2.5642094125380424, 3.641392578415111, -2.743124911641713, 3.6472462539443775, -2.5697940035524627, -2.714014200019248, 3.073951936693613, 0.0731389535095633, -0.269894045041818, -0.3781489295587966, -0.39915866318421594, -6.501055584732635, 0.02876077024598817, -0.2461831143701199, -0.3217855560027031]"
2.9455124693766876e-6,3,"[0.009027359943882223, -0.03587167534853439, 0.04990763505461766, -2.8505644312957834, -2.5565474941037145, -3.314128379992871, -1.7330092288431505, 4.696041751426253, -1.7705687475961691, 4.340080779394836, 4.159285401305108, 5.315393462596913, 5.169915143696317, -1.0279813056104814, -3.6759344141924486, 2.8051201214535113, 2.892299401913803, -3.308269222881403, -3.2201247463923446, 1.1764269332341362, 1.0257821871714599, -5.069746318953951, 2.3091425599999944, 2.4233681546697117, 2.518840554260967, 2.6085240851200107, -3.579240437503398]"
3.987764367607838e-7,3,"[-0.03256399142419057, 0.030830006705148648, -0.03243105086547324, 0.5299716068655824, 1.073799156130864, 0.9635893397178835, -0.3066197534517381, -0.182218617159512, -0.12177078253946497, 0.32238263225375535, 0.2819781374416377, 2.723415441336131, 2.7254504728524753, -3.792666357416594, -1.2850050278132241, 5.244785560197901, -1.0393620347845465, -1.0385027442380188, -1.0385425839677898, 4.575566864071838, 4.030643725551573, 3.91930907814174, 2.647570072830852, 2.768377713147347, -3.5762950197879104, -4.0212717349841345, -3.980839265594794]"
4.043751147264629e-7,3,"[-0.03151272972680111, 0.029678908051500807, -0.031496414842465216, -1.654440370428559, -1.6259519044912802, 4.54733817650797, 3.1400826227980767, -3.0205367675863677, 3.4162545212088293, 2.4378403593723013, 2.229779500008884, 0.07836724331503334, 0.07880605874127584, -0.15533612206531863, 2.6203145200795297, 2.868978672254072, -3.4150436152803256, 2.86793769107132, 2.867881212707886, -2.7912041042595157, 3.4639087290943587, 3.3540451816794956, -4.336628204425111, -4.213865314020719, 1.914702425924558, 2.89331179584172, 3.10143123115036]"
0.010849375774999004,3,"[-1.3035148790094806, -0.3496211580315601, -1.3035148779334726, -1.1361437333221733, 2.063380336857209, -4.297267267383055, 2.0141871873992283, -1.149800985760491, 2.017750585518046, -4.279550005316147, 1.7768555373232198, 2.1091624438605954, -3.9590125893287325, 2.2727553423854796, 1.8950771413155847, 2.4449595655128644, -3.8806375397950488, 2.303670072146878, -4.042476615419742, 2.138804846033617, -0.9448568718028253, -1.0223178689107835, -0.9940498239032247, 2.1251469024620615, -0.9904859363290532, -1.0046020582615889, -1.231381683159509]"
4.4651502684178723e-7,3,"[-0.031771156230961294, 0.02994752911249729, -0.03182885174309101, 2.4912712638999883, -3.1309265705076164, 3.045062668069087, 1.6821257565971128, 1.7995817159542753, 1.5676673824091039, 2.003193666816132, 1.556606072667675, -2.287280929825963, -2.286984306762243, 3.7615390957930916, 0.16600478860145956, 0.4146238703329746, 0.4139237026802887, 0.4136600789832811, 0.4141582393206524, -3.9400800800294857, 1.6826924438501647, -4.713373964982593, 0.2076091406552183, 0.3347781384117323, 0.5655307435736489, 0.13021296366379664, 0.576338136026331]"
0.00022159225775875147,3,"[0.2252625020934247, -0.04800671412736808, -0.24416639918539884, 4.622286134329331, 4.627669732625918, -1.7271776357437125, -1.4191258163835545, -1.400830759940838, -1.4169219562807547, -1.427343326853009, -1.4399501418164709, 0.8559114336654359, 0.851176036410043, 0.36946508112635723, 0.34038940497778203, 0.8538611741920975, 0.8798245420515547, -5.377121713503909, 0.9229830115197669, -3.4657317706808755, -3.46649265035732, -3.3804717357773777, 2.623280917691817, 2.560810271288685, 2.5512215821511877, 2.5353543085092793, 2.5198144811218857]"
0.0028766627177555515,3,"[0.1375115318244369, 1.4808662348086323, 0.1402479063333044, -3.105745274117395, 0.8520503586349766, -2.4528900406565577, -5.406428673407769, 0.9805566485268206, 4.1571868091162205, 3.2935252347251938, 2.4592434332608666, 3.421048333846839, -2.9328304790874684, 3.3614066410456234, -2.9243136356031045, -2.982726322189334, -2.9988446031935214, -2.965921727933654, 3.0136133844157, -0.1385368703143036, 2.1943101215340324, -1.249560317992156, 1.975372547160106, 2.0917575763382117, -1.0696969470409832, -0.1833622017574371, 0.593204149341566]"
2.121608202632075e-5,4,"[0.007740630701886248, 0.04446588441777985, 0.025756267001330907, -0.053755981145541656, 1.9957221297096788, 0.657091453530944, 0.3865800162577565, -1.7131514871920814, 0.522577768961735, 2.375995376647652, -2.338147461699395, -3.4627505299381487, -0.09214979588881131, -3.9849616502486875, 2.003848711173739, -1.1407318157400241, 0.284869389355051, 1.744628296406576, -3.6754303647508864, 2.1032527539682295, -1.378613158747237, -3.1326707552819326, 3.4118184504091422, -2.7835357429930934, 0.7503850518659023, -2.062064007351052, 2.099800502417014, -2.7313030914529306, 3.8975397564554353, -1.6741961558358298, -1.8310294538675773, -2.986511152442393, 2.8711499433236036, 2.365176560227004, 2.046843583044282, 2.2378046548986865]"
0.19054127035772472,4,"[1.238100145635513, -1.49001099053701, 4.932514091287675, -0.7307762267733563, -2.4267449737207696, -1.9843873239682546, 3.1229037713552494, -2.8048218752527787, 2.1098120159830995, 1.7119534155809653, 1.7662149871958448, 1.9695901135149207, -3.084626687998593, 2.842311462271045, 1.794593822252947, 2.308480951545761, 0.4542456721373099, 1.14840524514726, 0.19320494236020624, 0.7259730523165362, -4.4301292218530435, 1.5276829367340505, 3.524708358449924, 0.7999866273636215, 3.095713148427881, -0.4014034692942199, 2.321603766183292, 0.31339299199756465, 3.762400045177486, -1.95747146891694, 2.832332062321163, -0.4175704175703598, 3.124536773209522, -0.9650374246626622, -3.657026136373609, -0.4452762885525951]"
7.783933003491228e-6,4,"[-0.03616743721725394, 0.03385095471989868, 0.029586199985790516, -0.03641668779750556, 1.0193038453234453, 2.215077358300984, 2.493092652948836, 1.3004676596302605, 1.3686193020987716, -5.219639169472421, 2.4638209990419875, -0.6894007082411056, 3.8540341906614053, -1.8836249793917286, 0.07316447860852274, -0.6635242159495479, -0.785320165655079, -0.7957878755603859, -1.500473724283053, -1.7870971333910883, 0.8519778302743978, 0.260680282383304, 4.281413711216159, 1.0324017356033879, 1.4254816576249683, 1.4346494598035469, -4.103373396957364, 2.488721430920084, 0.7210970501206287, -0.42788108454715473, -0.8560653921069468, -1.9956809478566766, -1.8432625766477122, -1.537572900543009, 3.302884260413884, 0.15070409249365105]"
1.688769799335077e-6,4,"[0.028613952039031564, -0.0319653517327747, 0.028542363499812505, 0.028394486144823514, -0.5119197824092085, -1.8193204640626, -1.9660877302443343, 5.792327533643091, -0.35376212780962263, 4.201951584019229, 2.229767086243773, 0.06291588921252592, 0.8639974745218895, 0.8639920860475082, 0.6378117867848596, -2.2792143259120228, -2.0680067447274317, -2.0738680590856124, -2.076733647327527, 4.203496978513158, 0.3072710514470136, 2.099217775338786, 1.0797655477422554, -3.0762750302750046, 0.592140964935677, -2.4043932924551625, 0.10248221348961124, 3.3236948760567957, -0.26767115831992017, -0.7513379915383716, 0.14959862840167032, -0.4995737445635934, -4.060174370563041, 0.6679817927427927, 0.13606700858669007, -0.9153105418264013]"
0.001602766249669263,4,"[72.79008769486632, -115.09046039062864, 265.99002898029926, -233.52310069188283, -10.877835121539077, 14.432499813689212, -10.986275634523198, 13.71483103048365, 13.68416313289009, -11.513171809431121, 7.57263069669892, -17.599630455574545, 7.728628974608076, 1.4505084705922209, 1.710494096688634, -10.725917959859268, 8.155957653150553, -10.76324133295706, 1.5919186525563793, -4.57207363297472, 9.828335709945145, -2.8902602655651988, -21.449302167856896, 10.171061984557536, 3.9795321209895738, 10.371678814039132, -2.4433249748408254, -8.662529916715444, 18.909129051699516, -6.388809623349549, -0.5698414491694892, -6.907067084723507, 6.113919013282671, -25.296698183228905, 12.402750120110039, -0.3447627335367791]"
0.00014078583140320067,4,"[0.14122604122469332, -1.1907609174838372, 0.1417611640905529, -0.11886319627163995, 3.258071357640547, -1.7894705707247809, -1.1813778806613269, -2.128736385313682, 0.7460181909092328, 4.481599170308476, 1.051206271915433, -0.47150815998789863, -1.8196609276328788, -1.8175096002446336, -1.8212845596008673, -1.8171382730834493, -1.826145395599852, -1.8449393509460397, -1.8176532924520334, 4.370907958345496, -0.7637675400728428, 4.294586767903035, 3.4444923575836808, -1.4184140466071773, -4.080893253610554, -7.823999434112423, 1.9027970805243566, 3.414522189433051, -3.903593906979581, 2.390894158062507, -4.141527087657786, 1.698803521653084, 1.9567889643593475, -4.330179559463767, 1.9278653851423, 1.9314380637286177]"
1.8919171883791108e-5,4,"[0.034150179519244414, 0.0827111662912675, 0.03250270741928624, 0.00553973274273134, -3.0166768965157353, -0.17755094976910832, -2.8047491476263544, 1.91366321379065, -0.16509285272635396, -1.1927534468226058, 1.5472192166280234, -1.9409903407340665, -2.045698149961387, -2.5213354216058743, 4.570011566707203, 1.0521804397315915, 2.2364051514195515, -3.320571883631966, -3.5116195921015247, 2.2791503319074917, 2.647938573052306, -0.6028323569655795, 2.7899380860959755, 2.8208057634786363, 0.7976958162011356, -0.2406848998006061, -3.130520835512057, -0.047017076500579146, -2.126556180650745, -1.2425562595857307, 2.981530936580555, -4.507940971433216, -1.1296017177795756, 0.22518708520038536, 0.55568294072497, 1.4463154554627675]"
0.005429903416113047,4,"[-0.6329568355566704, -1.408227214298955, -0.36106690300674643, -1.4068243909902192, 4.23155720955932, -1.8450911027314059, -2.0276127456178834, -2.0190315014784943, 4.1004364135965155, -1.8210074907707816, -1.7785505461679814, -1.7670684615659162, 1.9563070511342464, -1.0555624928915615, -1.219750844670897, -1.1414881688113627, -4.263446127850874, -1.169456749241486, 1.7304632548712922, 1.8750694659791112, -2.47990710322508, 4.171931264177925, -2.1874807213806746, -2.109378896607509, -2.5936512628830495, -2.282606702619846, -2.047005547812884, 4.27755084540773, -1.142022949866684, 2.0722173959723853, 2.123895600103134, 1.8046729014784384, -1.3422927298207374, 1.7921158151863639, -1.004479312040056, -1.388985386566776]"
1.5832142705729524e-6,4,"[0.008282609199724775, -0.03895738842568617, -0.03626556112022099, 0.04802975716774081, -5.083917129173819, 1.4697632773140104, 0.39315891965206323, -3.7232365835570063, 2.5132986177666403, 2.0043345499427603, 1.6544239925108282, 1.3122031801747334, 3.458044418925048, 2.5195313450370618, 1.3889344015517482, 0.40109214379243774, 2.2416303984178687, -5.353570150184513, -4.149792375188034, -2.9241028907462456, 1.2246494337959384, 2.0597007220212094, -2.834374694584612, 0.8713422313309523, -0.72867035785975, 0.8445242490226127, -0.22642353698544948, -1.3203262302097858, -0.2646754859849184, -0.43479102432384364, -0.10953922680438613, -4.948918394410877, 1.5913625200422952, 1.8365649184384134, 2.0543689147370676, 2.271553153221227]"
1.3921975855701874e-5,4,"[-0.047467779648603395, 0.029018521162927625, 0.044418224959878114, -0.012778912869640531, 0.686857457643682, 1.4460102524815333, -4.530343018697026, 0.9149159690842329, 1.0420373189990724, 1.5271311653878983, -4.129065378390566, 2.9996193119929693, 2.900992970008135, -4.567235801051933, 1.8133223870997113, -0.018939248502449445, -0.254137338630081, -1.0308187986856512, -1.9943471456341864, -3.36754560535343, 1.7800602185482726, 3.1438998257590245, -3.1118093375213514, 1.0376630102860696, -4.8933215687799985, 2.2594165254945606, -2.9203579159464685, 4.932831152974496, -0.5765729143502849, -1.510500478332232, -2.4020547428102783, -3.9085077204572642, 2.6099693495500484, 2.0337173094292376, 1.2655303476270061, 0.2490631610399842]"
3.2416163238124795e-6,5,"[-0.004549308275299862, -0.019665298707640475, -0.01785631485502287, 0.02889019386276838, -0.03263900132430553, 0.6030625007859598, -1.0939740045532442, -1.5356573317570195, -0.20723107166236257, -5.137416290493283, 0.07613694315544357, -0.09539603888645577, -0.7342813883706574, -1.6216179682218137, 0.6164359390866305, 0.3860637353314862, -1.5749314091997193, -1.4567551775760634, -0.8487408466239185, 0.09816693556702194, 1.6751182122784471, -1.7309493546049604, -3.265122076053372, -2.83825758707504, 2.325871480755556, 1.9057829553288297, -2.2505231165532837, -2.5886441830876907, 2.4384645669034186, -1.5297738909535654, -0.9185535515501397, -1.0143835291302634, 2.004159073021101, 1.7192215289999146, 1.324382670214881, 1.2812547679770516, 1.5356981379268377, -0.4048429072434372, -0.020119144037857944, -0.14016155345288853, -1.4284863390680342, -1.708965785388946, 3.293117621035216, -3.382681466031957, 2.9716325739519713]"
0.0014567554060344046,5,"[1.0589466674969674, -1.1431040658204388, -0.07047330626710027, 0.5084714263520911, 1.059026097954467, -3.7221303210344727, -3.596530247627681, -3.3670246917780653, -0.32661929980436266, -0.3425137035649625, 6.216607519987077, 3.041858928151334, 2.899679103390023, -0.39175973243644197, -0.24314710283793867, -0.22548554797283785, -0.29014437212588245, -0.2915004071715602, -0.1983382429798783, 0.07438898829254131, -0.22048607832754089, -4.123966453604919, -4.143490647093436, 2.4071215623534297, 2.167654245546503, 2.2317915066811684, 1.8988280515940845, 1.81855914540434, 2.2968559698410225, 2.7295422735191917, 1.936828813239274, 2.503657469577904, -4.106528079999867, 2.3816683012390194, -4.039939916541274, -3.9013499174253052, 2.59314141882115, 2.6869041627380046, 2.7677607792536265, 2.818246046789272, -0.3654182848298036, -0.4277076598355122, -0.5126443482818704, -3.681846006868072, -3.5811203051264178]"
1.6002947122562006e-5,5,"[0.03512186953078245, 0.046798266174832376, 0.07908480127349264, 0.03104502969645539, -0.006117242217159233, 0.8061433927235948, 0.4530210514857693, -1.2881693045105935, 3.078271852114196, -1.006750700306437, 0.5635930914881141, -2.8205196602663, -1.833833496651948, 1.0564908144877714, -2.4653759580790746, 1.4272808093555922, 1.459224224305502, 3.1625017733218024, -0.6599209113304444, 0.08349603117814172, 2.4190819864490694, 0.5581313647619746, -2.1903989583139114, -2.970622436834554, -0.004598859595831967, 2.198732355918736, -1.5253600574533328, 0.1413425624198869, -2.244420259736574, 1.804729005834439, 4.216253557851995, 1.5748023757207914, 1.9780025619881165, -0.9375366585683657, -3.5256625763997813, -0.2188591962189497, -3.067443730225035, 0.8870261566892108, -1.1888738868191737, -0.3946866817342773, -1.8652820504508651, 1.6896257222882494, -2.3053326593209778, 1.6447225506191676, 3.5546906102430187]"
7.001328277134178e-7,5,"[-0.024711449905076212, -0.023118899643301327, 0.03423384057959871, -0.025175480540411, -0.06201056859417938, 0.2579801591925547, -2.360655825459247, -2.1724384681214857, 0.6460297651030384, 1.3196769725562707, 5.222990753404303, 1.0784027329598835, -1.2956774947494172, -1.3635333434021364, 3.8862570687851474, 3.5250801797542666, -0.482955723850343, -1.074624743579766, -1.6621254803852563, -0.17683882529708211, -0.7512163332735657, -4.933218615034257, -4.952084603055117, 1.1461215633024247, -2.791687093005262, 3.642407356807793, 3.792429286894979, -2.4264075912521936, 3.9907805391983793, 4.769372412788524, 2.08736620376722, 1.9867124901564535, 1.1801834221864784, 1.5391461424948354, -1.7098600735814986, -5.244824632760946, -2.2388625997417906, 3.660319749604651, -2.552372729117918, 3.7304179293525555, -2.9291722056415077, 3.2467254877737015, 3.0317501155615765, 2.8760897078072665, 2.6873740075968104]"
5.678919365870172e-7,5,"[-0.03210903810673671, -0.03203398305181964, -0.09353715306488065, -0.032000096535003894, -0.03203429521791645, 1.0625648904171248, 1.2056141491845118, 1.90476620813967, 0.5209782456931563, 0.3551970474246451, 0.789087817915836, 0.7408312798090709, 1.1182557922940293, 2.5139620522744206, 0.72280283423942, 3.0432124769042836, -0.09145490670067896, -2.939811463090686, 6.098390488664448e-5, 2.835312399561244, -0.4396488709603841, 1.7929239285218084, -4.490209993658113, 1.554693359843104, -2.012627176411365, 4.522185186217331, -1.7621274370277213, -1.763306667320059, -1.7623915315545242, -1.0929530537220478, 1.9365368221619748, -0.7478239818130464, -1.2806575969434975, 0.8461976845964311, 0.611061852344936, -2.049392690593108, -1.2579059952006866, 2.231425059619829, 0.8508845711441678, 0.2997601879008663, 2.596631642503296, -2.557151022509303, 0.5866992087546118, 0.4612930992007018, -3.716625236848729]"
0.0024597880202819056,5,"[-0.7759662238760419, 0.24445989241218372, 0.22935309894463135, -0.7847352886232363, 0.22062082783152304, -0.2444698728103566, -0.33405120429118657, -0.37418722695618956, -0.3912669130465593, 2.63197081845429, -0.6676430291146875, -0.2136554084369972, -0.21347136319308832, 0.08360747501832312, -1.192938851969456, 0.2177899431454918, 1.7451647277442748, 2.973037619464603, -2.554209835745743, -2.707217267110974, -2.621924372329067, 3.468644142511991, -1.4043381476055707, -2.7668255469411367, -5.052473452613792, 0.5559841825248193, -0.24321346245934816, 2.8338205954774836, 0.019029088612440268, 0.5146151240913103, 0.5835450688621311, 0.5838151164931816, 0.54192464479586, 3.6298860928484262, 0.2720906863279875, 0.7501136156436337, 0.6501316605594124, -0.5052829478600995, -0.6080674614282023, -1.053527886989813, -0.21436570776037797, -0.6574105498900477, -0.5853933830676239, 3.100017739221555, -0.3117997384150904]"
2.3211726809524436e-6,5,"[-0.08611853414818887, 0.034188465279247, -0.0009183909594022938, 0.03181211088899621, 0.026565940335458813, 0.693673307418868, 0.8586238144287254, 0.9024956880755574, 0.34404516923328127, 0.3173501074511633, 0.31511264895926744, 0.3415485450156387, 0.3542313971142665, 1.560214209253952, -2.2308158015486783, -0.08357015631521525, 2.51927646087363, -3.2983563818663253, 3.574467832400211, 3.198745592664274, -2.8921940612363937, -0.13309179721584224, 0.3677004117388515, 1.1026337049454533, -2.679380615215765, -2.2105865733537, 4.3483699000386675, -2.00051064095627, -1.955694035195991, 0.965246414049863, -1.565133604901615, 0.039578664262900236, 0.6871723570405682, -1.9549355546298506, -1.2055637642137842, -0.4189361946602182, -0.1875449115395032, -0.8294555691742505, -1.4549487356288324, -0.1665005659621463, 0.9149237557207219, 3.1204968434978615, 1.50970566122654, 1.138659802995323, 0.658841357858406]"
2.651004175735494e-5,5,"[-0.0012993225585812558, -2.2998702337655805, -0.00018685203498784248, 0.0588774493277481, -0.0014554050570592227, 2.3377892983961934, -2.710451878456, 1.7377957271809155, -0.1567599327121813, -3.6895187834605663, -2.381795260434137, 0.38889516100371513, -0.3461737412095755, -0.4853970667516373, -0.48514146887181614, 5.785970468197459, -0.48127282477530914, -0.4901049772633499, -0.48359981243047173, -6.785845411827468, -0.47422875793980795, 0.396257935250308, 0.5256280529882349, 4.950106824617141, -1.0276138674763011, -2.8699708529385712, -3.6851229247889594, 2.3989415839266983, -2.515728282213257, 1.783313784592953, 1.8819996274463846, -4.364966531903965, 5.061410179598746, -1.1916900949221885, -1.1791324900728264, -1.1883875191990638, 5.075419043040559, -1.163624869706719, -2.624947872164153, 0.5707853021627882, -0.9955470465416718, -1.4495415783260415, -1.9658954539346458, 1.766103168576265, -5.14201814088141]"
5.786817373176767e-6,5,"[-0.0046058738456716255, 0.019529172353463374, -0.03137866474344848, 0.006649126031781216, 0.02261868131882088, -2.9321528520362374, -1.4240310959878069, -0.23755350863283425, -1.5517570321037109, 2.7035209276682584, 1.5450785745579094, 0.9796453854497845, 0.007733111564533119, -1.4291624378004206, -0.9438408988150574, -1.3929585500270616, 1.7768453814408849, 1.9032066647788117, 1.4482088795307955, -0.23793098427739684, -1.5453322248999208, -3.8570049080586424, 1.8664040265279134, 1.2084617390930714, -2.3371511317976754, -1.4452675753282376, -1.3500193868941301, -0.999840864075007, -0.721982392121963, 4.496801485504502, 1.4947598091733065, -4.94562328906638, 2.2866997622303256, -1.3184586696942344, 0.8029398087701846, -1.0716114415081281, 2.723505094775344, 4.09244192876997, -0.6201336222684795, -1.0245282339829076, -0.2706371223044876, -1.4685215765558468, -2.0772266638563535, -4.579861641974452, -0.09490216354076449]"
0.006886906579363861,5,"[-0.017851231044151816, -0.778609176832342, -0.225307630736489, -0.798635842016413, -0.5169082088227716, 4.67715436610973, 5.206171798506913, -1.96314482875027, 4.179294624944366, -2.4679740570646924, 2.073375973853143, 0.17692340707516122, -1.9345813858240692, 4.268030425177277, -3.0373411996889628, -4.110203820790659, -5.276765700563767, -0.22995933034031546, -2.5723377085558687, 0.9807051183721998, -1.3295205237545122, -5.0473301653857785, 1.4094938899362506, 0.5423665499383129, -0.4705493043945447, 4.837479573612317, -3.334231572740811, 1.2667821419370051, 0.43777389281884155, -1.5090581033301742, 0.21326638685456042, -0.0707555750286307, -0.24053715806621645, 3.789614303789333, 0.04149922209046703, 1.6298388020723076, -3.6703567974132185, -1.7654094912271516, -2.250086850464609, 0.07669919069344713, 3.599913820396018, -1.8695542067530118, -0.9575462631705108, 0.5264074804444007, 3.228590546391091]"
