fidelity,blocks,coefficients
0.0032345537323842377,1,"[-0.0008277416764116676, -0.002838033304558416, -3.141592653606331, 1.1152019330498497]"
0.0032345537323844598,1,"[-0.0008277413870387729, -0.002838033366269512, -3.1415926536579355, -0.23359012590365466]"
0.0032345537323844598,1,"[-0.0008277438694948565, -0.0028380338953459057, -3.1415926525758007, -1.84639508327499]"
0.003234553732384682,1,"[-0.0008277412735087251, -0.0028380331110642526, 3.1415926533502705, 0.26857799892265893]"
0.0032345537323844598,1,"[-0.0008277415754348917, -0.0028380333100167542, 15.707963267942228, -1.64065264521942]"
0.0025620843068692167,2,"[1.7754660466788932, 1.7923070822863925, 1.5065100726704914, 1.4905028792717174, -4.900860290735199e-9, -5.3523053444630294e-9, 0.7284165484465664, -0.10352827291129679]"
0.0025620843068694388,2,"[1.7754659683406284, 1.7923070054779713, 1.5065101333844444, 1.4905029406656891, 2.162933935795306e-9, -1.4756632482746026e-10, 2.494506383735072, -0.6612552791895181]"
0.002562084306869883,2,"[-1.7754663777200832, 1.7923074105659664, -1.5065094544401063, 1.4905022604708493, -3.141592663488526, -3.141592645199865, -0.8899327682128129, -1.7682013959141303]"
0.002502098631033678,2,"[-1.6090970030138088, 1.5889899697636665, 1.821571499053668, -1.8363591981089904, -3.141592654845651, 3.1415926532269784, 0.6404537939918373, 2.3529413454531776]"
0.0025020986310327897,2,"[-1.6090971736141062, 1.5889901423745805, 1.8215712336310104, -1.8363589329166767, 3.141592653784943, -3.141592653448844, 1.7609954062109934, -1.9202273646103267]"
0.002335314628042706,3,"[-0.652520289872553, 0.026909303124425958, 0.6420105581212061, -2.165045218884488, -0.006592397206206116, 2.1583500224224452, 3.1415926601615927, -3.141592668914694, 3.1415926468223914, -2.9280631455293853, -2.11186346516098, -1.4297848224754188]"
0.0022685032375340253,3,"[0.7635852131417451, 0.025731956086970004, 0.7730141302311473, -2.1010301936063573, 0.00749695379277429, -2.1071309742281725, -4.06231480287591e-10, -3.141592660638521, 9.499976154379528e-9, 1.5994768979737957, -1.1090520150857646, -0.847678261330174]"
0.0022685032375344694,3,"[-0.7635850551078728, 0.02573210543443603, 0.7730141210165835, 2.1010299921492317, 0.007496544808231715, -2.1071311817228713, -3.1415926554929294, 2.4096953300395328e-9, -1.9368853186827684e-9, -2.6570279356078723, -2.687823480474304, 1.8918222932447104]"
0.0015195765692567198,3,"[5.920396868951892, -8.799654985668099, 2.587454962007494, -4.503205701913512, 6.077933672078919, -2.0116622597725473, -3.141592643555578, -3.1415926512883927, -3.141592654424149, -0.7496574829388466, -2.7033853244751755, 2.5381196997581146]"
0.0018901442250333078,3,"[1.4935255548481663, -0.030849807390500087, 1.543303284549126, 3.223691284405168, 0.003609459818507558, 3.2204037467494477, 3.121607807624089e-10, -1.2727125039490432e-8, -3.1415926668530725, 0.03717506862936402, -1.0645050498840978, -2.1372826584769307]"
0.002166540825097707,4,"[-0.7052385494585528, 0.7140263552550041, -2.1153325509759977, 2.132974387111888, 0.9528091251554287, -0.9486440653559115, -0.8632457569420317, 0.8435837685238877, 1.5698611517449303, -3.1845987631838892, 1.5648105225326487, -3.1558857911300926, -2.3964306497218106, -2.6151008136442133, -1.8106237206388958, -1.2722782604658436]"
0.0011908651948138171,4,"[-0.1364762464277598, -5.405182353890387, -5.502388494871557, 0.15398319662050067, 2.852511634635817, 5.021861811158789, 4.970579109864113, -2.8788163429725504, -3.1415926486141394, -1.4080627511245809e-8, 2.361502936200567e-9, 3.1415926654998527, 0.2599392528536292, 2.1717507077995304, -1.526377982462698, 2.747536363576541]"
0.0013708707907166273,4,"[1.0575029794456672, -0.7442272130414136, 1.8107586123422794, -0.001665921345573154, 0.7260757911633154, -0.5187186054432974, 1.2364954513809703, -0.010397457664599452, -1.481491931632869, -0.05368051676029202, -3.062670704042509, -1.6671727710791462, -2.2185074025976723, 1.9511043648093693, -0.43879552921401077, -1.3366153246385377]"
0.0017854061954190037,4,"[0.22186755467852434, -0.41171020020405563, -0.501314381523468, -0.1533807947845876, 2.508406443085525, 0.36306442539581985, -0.16602395591997118, -2.003689388295303, -3.141592661198722, 6.18464032028296e-9, 9.144896141874326e-10, -3.141592641957361, 0.21169381585612052, 0.841847852187954, 0.7579228194389315, -2.2719460170850323]"
0.0013421608613952696,4,"[0.6131419612006647, -0.15929695644238986, 0.43827634535183024, -0.03595067542042834, -2.112835929482323, 0.7002578003567418, -1.4197058000547373, -0.0051339831161012935, 1.3081575128741696, 3.226581402537505, 0.09624710340148508, -1.8231709601520354, 2.1702368336548434, 3.0103385499256508, 3.77215924834935, -1.2322195717959536]"
0.0014108106190166003,5,"[-1.786290013328075, -3.7747305328309233, 2.228930897625172e-8, -3.421357797846528, -1.5150865559939666, 2.328656809353291, 3.8012464379076056, -9.438096285557136e-9, 3.610610052510941, 2.0623692789149697, -1.634995538164158e-8, -2.0375489417212215e-9, 1.812263660098166, -1.3293289597200773, -6.493486288594619e-8, -0.5623180724623482, 1.2050869969700748, -2.2207706748665363, -0.9208219488276042, -1.3838479530496726]"
0.0008974901104991106,5,"[-1.081612195101002, 0.1097566655791239, 0.08833663635117146, 1.0871428145839306, 0.015225504431170973, -1.8055857400197457, -0.06902825878190318, -0.09813785749433641, 1.8353904862811763, -0.018413980762737914, 1.4746211829961329, 0.9555216422423275, -0.3467675922978855, -2.488689692646407, -1.454379084248555, -2.6237471904026397, 2.1877107606772297, -1.6676918394279552, -0.748718646023873, -2.2342235683602376]"
0.0005014020432532185,5,"[0.0697965040663297, -0.04907762556757222, 0.13408545453634987, 0.11137347251435281, -0.10304429314885266, -1.1799842205836466, -0.005683762165570582, 1.2121309886865237, 1.1951688269241165, 1.1822031401063398, 3.467337702553661, -0.9599601688139571, 1.8604635639937488, -0.3557866670234198, 1.1579122740347214, -1.1622773588519346, -2.534379913026157, 3.2729973097194254, 0.5269381707253008, 0.8044561803210314]"
0.0006036915986034064,5,"[-0.9103699720337894, 0.4417876132809576, -0.37197526580540646, 0.9679069043481741, -0.04143110188537797, 1.8728426117346704, 0.07107029644732982, -0.11172614894134589, -1.9034901355265712, -0.030865172377452673, -1.672650506973747, -0.4740230337304372, 3.269576706214328, 0.4674659026247899, -1.7082866261358465, -1.9741991711377196, -1.4605621632186772, -0.07138035823431384, 1.9413646846659078, -1.3364149763912747]"
0.0018455870631338689,5,"[-0.06979369233695588, -0.43757426465528715, -0.6702743194733595, -0.5538049668322658, -0.373785325646527, -0.03538790366071416, 0.3794893641770751, 0.3757058507442204, 0.3228508783686428, 0.383053035369409, 4.22715502772377, 1.5744997704145351, -5.762300727995277, 0.4363452597840747, -0.5930241917742991, 0.5045396110444743, 2.664734152968918, 3.1962084587657684, -0.5086505538558899, -3.0149484187395257]"
0.00010839814385643631,6,"[1.8196914210363515, 0.5239628231738799, -0.7061293094781758, 0.7424306029631839, 1.2491269927082984, -0.002333368430823741, -1.3031341817730364, -0.5926817475368626, 0.15307044404382159, 0.004996403300627201, -0.8612950265502219, -0.00245471966089214, -0.8984357954556318, 0.1139410308962235, 2.806141281854018, 3.0051824158621847, -2.8657253278474455, -2.2314443217550783, 1.196192600801491, -2.122969582759175, 4.9026405346048385, -2.44427377225616, 0.033219364528460034, 2.475843916670456]"
0.0004827275159940969,6,"[-3.1506744003327523, 0.10508880277322506, -0.0017375844753928361, -1.7529841652522724, 2.3103307051775204, -0.8065195566028198, 0.47473279098202964, 1.5879631764582853, -1.6341592240283402, 0.2718319077407793, -0.3581271064076732, 0.14210317803011574, 3.1415921813037713, 7.641316925349757e-8, -3.1415928555250203, -3.1415928941821565, -5.0966078130996464e-8, 3.1415930126066667, -0.4729044445991636, -0.37641863881961135, 1.1727862822864963, -3.7412927117150376, 0.4433532903627674, 2.318513670264038]"
0.0007448279412926029,6,"[0.1517978145880791, -0.5383794324322326, 0.41081131615675415, 1.7196747137185222, 1.6873846786343658, 0.10147909744522061, -0.048699131766892396, -0.5738154485105761, 0.5702584497461098, -1.3339784105975332, -1.4201079944066748, -0.020783802285691363, 0.7556108656287452, 2.243742293370882, 3.2774192493951073, -2.315035510166188, 0.060162851112198816, 4.255248712141467, -3.296709908930322, -0.16902504542657365, -4.126848259987924, 1.4748127851178208, 4.278625668626574, 0.4291544804220305]"
0.000913115749711424,6,"[-0.5714704130630675, 0.25008524860868303, 0.5114100964201965, 0.6885600482698935, -0.8832574320320802, -0.14442599308835047, -0.3673247949208647, 0.24733077190233246, 0.7706812342663022, 0.9495903376303783, -0.6741034971911717, -0.1659092237300561, -2.787763514912298, 1.1723082628302686, 2.3149690694482343, 0.1323373284618687, 1.7791262922944715, 0.2679473799753895, 1.94099531513915, 0.9311630410688517, 2.2027752334962667, -1.5919742222412283, 2.2023086301117023, 0.41665661902319406]"
0.0001397169982648716,6,"[1.2022372721215784, 0.145889682578955, -0.08798662143984338, 0.1291125735796343, 1.1406512847299342, 0.00031052116349844977, 0.9032194936229148, -1.4882817869821587, 0.805177868119384, -0.6563347657901601, 0.8974207042057211, -0.012286140139953517, -1.6821389491455496, -2.381191429063667, -3.0511111372474193, -0.0936840810732685, 2.3597045262186658, 1.4389262600956993, 0.8575270082559114, -1.9603457769858499, 2.584992556535107, -1.1760380430620054, -3.15500601258834, -1.00359889599411]"
0.00011543234886157716,7,"[0.11091331622176505, 0.4124833410065001, 0.9539815145780759, 0.9753680851520717, -0.1825454541619399, 0.23223053990360323, 0.0959329434490702, -0.6560722046228978, -1.1734639895219299, 0.537107927564763, 0.4960638967181221, 0.5086447300766562, -0.7139168946183909, -0.6230153482746815, -0.16065151697278732, 1.5944973052028535, 1.517601991944139, 0.1413853153294767, -1.6763744665388607, -0.22761879394596746, -1.5741207212775403, -0.07933254978896255, 0.5490531185425812, -2.881779381658812, 3.7186488701469167, 0.35797320707007263, -3.694190659680176, 1.2084489868610189]"
2.473036001171547e-5,7,"[-0.7449349431812986, -1.227200299146235, 2.453890447114332, -1.2392851278139754, 0.5320323262626222, 0.6188655330240347, -0.6489770734951106, 1.219435634770166, -0.26987383239100377, 0.3795062814198913, -0.01492779303587386, -0.91840946961969, -0.726874886064789, 1.3407863413490948, 0.20745251613460436, 0.4301493254926485, -2.800559835099543, -2.91843923685899, 2.2080635231813757, -0.2618825492014505, -0.41246649484773956, 0.007413322326652154, -3.6603608743649185, 2.334649337280691, 0.41158791929665933, -1.5465839090654525, -2.0417218148370284, 0.5372937783992218]"
0.0005526059111778947,7,"[1.0887020732464607, -0.11761988835315516, -0.1506417188369989, 1.2742782095130087, 0.19053684026910644, -0.5326263150256189, 0.33277060471370823, -0.7887808700650718, 0.009705165173890511, 0.03544396407948857, -0.8207365396705985, 0.05031610860588154, -0.13255194114656424, 0.07373253063313868, 1.1871040602721936, 1.158919760510595, 1.4248038862534351, 2.4255880645367935, -1.5058929356183957, -2.5411775073844365, -3.424506598554427, 3.420200230846859, 2.2254118437359853, 3.6431922796514504, -1.1556075414159834, 0.43579188564972954, 1.6508091855625167, 1.6365774665905715]"
0.000155249992571882,7,"[1.2551203500412964, 0.07920971104601383, 1.2588727840624006, 1.5230180637052515, 0.12551430883861098, -0.18495196977068173, -1.3837856591317421, 1.4276710968995854, 0.003712006385198499, 1.430987726956183, -1.1255377836484373, -0.08564817276156009, 0.03149699663284682, 1.0381436517404186, -1.5792381941508142, 0.7220522595010795, -2.4265529608270304, 1.5071690748849138, -1.3701531438034773, 2.2128369378233708, 2.2103039903708432, 0.8408079868720563, -2.8194833116648876, -0.3589901441969996, -1.6943684872431872, 2.4532740826086714, 3.7696805569971863, -3.584993724919968]"
5.740205623672168e-5,7,"[0.8332520979847635, -0.7516754478981653, 0.018244628845502306, 0.0432475394856648, -1.2912203169602945, 1.285387581378045, 2.5646623223233673, 1.5356403106785634, -1.5360121757735006, 0.8571584551888088, 0.8776824961218235, -0.5447598503807277, 0.668323550999911, 1.1517313684243162, -2.0355052302063763, -3.2401060248584796, 4.047309277651459, -0.2819314131578884, -1.3802565231730748, -0.1219392781260877, -0.1622363825932288, 0.14318485707680048, -2.913859669904078, 0.6583961748674585, 2.2195030091857286, 1.705586300674954, 0.9919423461905689, 0.8237851088618299]"
7.93198368165271e-6,8,"[1.2388613023770074, 0.08227903260501856, -0.012045820857964393, -0.05329590395536818, 0.10453745093364773, -0.0170820472795063, -0.0880421860249585, 1.240389925391849, 0.18287420603333243, 0.27269896131492233, 0.11838615162671187, 0.22248595612460728, -0.794912001784512, 0.12059076352349324, 1.1897771105913473, 0.15387308619418155, 0.08637019913654358, 1.518732569836764, -2.0710674957939785, 1.4953851005690406, -0.9648794296343488, -2.257979737013863, 2.2855839830388387, 1.2007479671218486, -0.6586569079786443, -2.700932207555686, 1.2820280933674768, -0.6258311853985284, -2.0132768655699493, -1.0941301121898865, 1.0474105226120678, 1.4760528822774606]"
5.317462531406747e-7,8,"[0.2271690227618027, -0.7480021009399649, -0.45391867371591776, 0.9013083894701369, 1.1519676643655092, -0.5786868229416231, -0.737456697841169, 0.212394703319429, -1.072783268766143, -1.1694639469518284, -0.6981131444317483, -0.14598882635113783, 0.2531677451894721, 0.5035201920047101, 0.7100145822920203, -2.5250092289005592, 2.1770407063585426, 1.691843475501142, -1.7578620972339278, 2.3586251229835122, 0.30071596823893, 1.861316082752054, -1.073720330418694, -3.752533383311159, 0.3929937658072993, -2.7162624056438607, -0.7387370013429093, 0.3569260139694619, -2.258712474456845, -1.8913107201918629, 1.8569933132644638, 3.5924989226233794]"
5.290538722668714e-7,8,"[-0.7428698948372725, 0.07915699647961118, 0.780898445383239, 0.4826018755211745, -0.07798397083852758, 0.6570711786808282, -0.6227391224175388, -0.5275083031610297, -0.6133921511253654, 0.22928396325745942, 0.8585347766126943, -0.2625286961163162, 0.3675408901434435, 1.312133337455093, -1.6003876227231295, 0.36072640116529714, -2.314077547278566, -0.11864172451404757, 0.13596571966997562, 2.533563724619215, 1.1530272484928148, -2.736834995440543, -3.031845135410673, -1.3419502611675331, 2.211508293654191, -0.7854962612424287, 0.3898925648089569, -2.1790823449781422, -1.1964140809212456, 0.5195144044866303, -3.063637442640456, -0.09661042157554932]"
2.271895969108151e-5,8,"[-0.32982064873651457, 0.11920929183101511, -0.21020080042340009, 0.07847461153315272, -0.1108938789718508, -0.054064177715076794, 0.31900652989510436, 0.046410570201281816, 0.5916968044608374, 0.17898106067459638, 0.1877556014339991, -0.3373257613339034, 0.06771061768381462, -0.4501819728709488, -0.5966674426429117, -0.14118209992267844, 1.2668849045269204, 2.1067802891565686, -2.2939957788665546, -2.0382884513169324, 2.070263642520113, -0.7334415348879146, 2.2472677276917645, 0.9492973785049504, -1.5974486086224917, -0.570755188780585, -1.5070513624326158, 0.6638702184306706, -3.7016534254664446, -0.35796074174320514, -2.028482013128556, -1.0516697445311822]"
4.675273501675292e-10,9,"[-1.2506651440106822, -1.3178885439126564, -0.6013086452255176, -0.2659026951606018, 0.19991643788728958, 0.05466202513600921, -0.5451002238855905, -0.715265900221374, 0.5920274926329558, -1.480584671514304, -1.563417468809689, -0.376409410630505, 0.45660994048958453, -0.2503263965195006, -0.30633247358210924, -0.30883572342191346, -1.2789513347009132, 1.1594656516139148, -1.8454097084898213, -0.12304365406463152, 1.2087764647647354, -2.174675845732089, 2.828280625164908, -2.6141908099756312, -0.7928831297743372, 2.480196713804096, -3.1039698206111335, -0.40510567656153385, -0.364880529054737, -0.08059627880753417, -0.27153909539566673, -2.3598830190404523, 2.7588852017497625, -0.5873198626090965, 2.453229885302242, 0.6717330628404629]"
9.741956098485716e-7,9,"[0.04395306600810398, 0.5074719245711311, -0.2571205458490456, -0.2679895290605617, 0.4969185053545071, -0.6089688723167694, 0.6640410553987132, 0.008652227024052984, -0.007862115356879402, -1.2254171709211097, -0.0013096359964491738, 0.5859892200627126, 0.5911890323755908, 0.06567568966244852, -0.16254515159758737, 0.10403836838999794, -1.1940752670070893, 0.015898711618676106, 1.8329355476672882, -2.0512853673578686, -0.4289762519787061, 0.0010852052895775162, -0.5105251252200091, -1.907694296825926, 3.078708743090427, 2.733746200882026, -1.3474765183741113, -2.5473728450372164, 2.3400129991064946, 2.3968147982017913, 0.5408708523374343, -0.49177750757223154, -0.5165768128060579, -2.4689680929581024, 0.5582455148507129, -2.2906978828560103]"
3.863576125695545e-14,9,"[-0.27106406377675435, 0.12687440379618803, 0.45195259551835304, -1.1309677431630025, -0.6290396531947525, -0.04994282982408403, -1.6542302926116568, -0.1788553265068499, -0.021833762049996548, 0.5515082907995869, 1.3030579595004903, 0.7119282385024407, 0.27886633659120796, 0.36102286622968766, -0.08454685082963947, -0.42058183175914443, 1.5299811836024344, -0.8594941179372694, -3.7772727854943047, 0.35694994147919223, 1.2874227842812014, -1.430413648406345, -3.098261906948, 1.7583967553701645, -1.3153075847715645, 1.4654723288991256, -1.2102267918050995, -1.1106589054234233, 0.24108806500098184, -1.5209266375409642, -1.7970353999152067, -1.36461785178076, -1.9300916566010744, -1.3671037972765374, 3.14370817893558, -3.6216287718104825]"
5.805777087086739e-6,10,"[-0.6066058634346579, -0.6655031635099131, 0.6345794416690305, 0.7186731999711955, 1.113189714584428, -1.1552758786438448, 0.0956726398314711, -0.018058234295746732, 0.38680043449512874, -0.5443878237615764, 0.04206164693683247, -0.35388211903452044, -1.492931265133116, -1.9340621102732054, -0.9209241416854377, 0.849063907535648, 0.9548633695905814, -0.3304701912163164, 0.539987822199213, -1.0356234665078825, -0.7855578817404147, -0.07194172558034687, 0.7158838105390325, 0.10438016154557864, -1.599106054729591, -3.0999881128597337, -2.029919338345371, 0.5697752389624838, -0.30511925864449946, 3.06239774738996, 2.7903116174020717, -1.8773562555968015, 3.2009721517351064, 0.12914392638779765, 0.09046468158560585, 0.510622707813906, 1.8740975174306977, -2.964639108627325, -1.7525910847427992, 0.2704823465400026]"
3.018458923920164e-7,10,"[-0.05529392760230037, -1.1091855013194263, 1.3573138284815434, -0.7264496564346168, 0.24155906951223058, 0.44774447952994323, -0.7489623548876956, 0.4030019454102193, 0.29015836222956026, 0.14633533922781283, -0.4929646974679589, -0.08149228279200682, 0.3147541879578789, -0.2641141588402094, -0.2829255543097484, -0.47006895639568047, 0.5280185794238756, 0.047028089679640554, -0.1930658801282507, -0.09647661457322262, -0.8314217761780215, 0.3871411013894486, -3.08698517389703, -3.1437994082937357, 2.7040170233741643, 1.6607754692968406, -2.8857388013391208, 3.1494950690197308, -1.4884819210012779, -1.5173693908906403, -0.7978942483762451, -0.6735681492356649, -0.045470099515909725, -0.6348164017587985, -2.7662074780752364, -1.670510422334748, 1.6715500190786676, 0.7261322185710055, 1.8212809479432395, -0.337472224375364]"
