fidelity,blocks,coefficients
0.03714841194575935,1,"[0.03293321894036792, -0.26860844777019177, 3.141592654264078, 1.4621388191509506]"
0.03714841194575935,1,"[0.03293321933278592, -0.2686084480779185, -3.141592653195035, 0.7815927253020996]"
0.037148411945759796,1,"[0.03293321933585854, -0.268608446993093, 3.1415926535967076, 0.5471929439634561]"
0.03714841194576002,1,"[0.03293321934214173, -0.2686084470033977, 3.1415926535489462, -1.1540978656826537]"
0.037148411945759574,1,"[0.03293321936248984, -0.26860844650857096, 3.1415926533271747, -1.0726760046327863]"
0.01696196472421596,2,"[1.731721237124637, 0.3002580993321933, -14.47849013424252, -4.471741116016767, 3.141592653180484, -3.141592653565126, -5.316062045084554, -7.312451060026859]"
0.011683373657335072,2,"[0.12260702580627815, 0.351458525355029, 1.977311226778529, 1.7013621181306822, -2.818966355138802e-10, -5.465001135088183e-10, 2.1981949171793915, -0.4492298279216674]"
0.011683373657335294,2,"[-0.1226070114579491, 0.3514585119798466, -1.9773112512003508, 1.701362142173968, -3.1415926533065437, 3.1415926573807837, 0.8445265654089802, -2.2334095742943183]"
0.01168337365733485,2,"[0.12260702367512204, 0.3514585224947647, 1.9773112310182943, 1.7013621230997595, -3.017474485469395e-10, -3.840073059130007e-10, -3.161410289732138, 0.06479400458644945]"
0.011683373657335072,2,"[0.12260704102115846, 0.3514585369263664, 1.9773112003069142, 1.7013620905906381, -8.07468373652748e-9, -8.168186529561259e-9, -0.4977678912318615, 2.4361597665831276]"
0.009754748040479932,3,"[-0.12228705581948787, -1.4420802388718805, -1.0827897811726395, -0.1720189011086399, 2.3227093014558466, 2.284418244144216, 3.1415927056443027, -4.111817160252002e-8, 1.936874619203338e-9, 1.3586943595745025, -0.7084793771974621, -2.202606675014392]"
0.009417073764764083,3,"[0.386680263222513, -0.14397225060432756, 0.7296333846191688, 2.6912393425423202, 0.044994480428396454, 2.4015134685502537, 6.177333720526677e-10, 3.0301271765529986e-9, -3.1415926513176986, 1.266987383303166, -1.8926173724971398, -1.130418247153357]"
0.01008545407141559,3,"[-0.7588498190039349, -0.4214654410178834, -0.07513697574370869, 2.278229556207983, 2.45541758222059, -0.38153726654865594, 3.732589831926478e-9, 9.168650781119879e-10, 3.141592651950729, -0.003791073970612717, 1.3014614163279703, -1.0630036320314853]"
0.010085454071416033,3,"[-0.7588498552756909, 0.42146547627138675, -0.07513697824566543, 2.2782295598984947, -2.4554175769199187, -0.3815372544703822, -2.596112113118856e-10, -3.1415926538721823, 5.4682596728488335e-11, -0.3781300212859719, 0.2573738968462949, -1.7660000866581276]"
0.009754748040479488,3,"[-0.12228710094587289, 1.442080523946336, -1.0827900449502337, -0.17201885594982994, -2.322709433516268, 2.2844183228512205, 3.1415926425302163, -3.14159266089269, 3.1415926531538227, 2.0610462578615545, 1.092335868671037, 0.24736977847431718]"
0.008888031088152837,4,"[1.0871667508908245, 0.573870837291718, 0.37544674862828387, -0.6083482884189851, -2.626972712366482, -1.9603555069865888, 0.6747962015351054, -0.2229356998866224, 3.1415926305139585, 6.716159810636225e-8, -4.525749032507253e-8, -3.1415926770850584, -2.6130716669578677, -0.6531986228563745, 1.1051147705767832, -1.3809179638141498]"
0.00259422911396634,4,"[-0.08206527756912879, 0.17541385811408214, 0.2767279632972377, 0.3157858567106013, -1.0385787985252108, -1.146376592640022, -1.9380858920446387, 1.5491560315363668, 1.919741039902041, -0.824667092027436, -1.2043011037661613, -1.754179402615323, 2.6450709516617272, 3.287470820602458, 1.2948146045274513, 4.546867724899612]"
0.010085454071416033,4,"[0.7588497526110567, -2.2504000278414225e-9, -0.42146540340352057, -0.07513697098835367, -2.2782293888970315, -9.86852917236138e-9, 2.4554176069312454, -0.3815374717617543, -3.1415926523975837, -1.7895811270379591, 1.7895811102487056, 3.1415926791167, -1.0843270129324896, -2.203010920482621, 2.2030109370016486, 1.6675626376103172]"
0.00888803108815217,4,"[-1.087166742377825, -0.5738708907243907, 0.3754469850992379, -0.6083484515215389, 2.626972988743027, 1.9603557816001878, 0.6747959785366012, -0.22293547860220306, 5.961596871256598e-9, -2.407511207412624e-9, 3.141592664868935, -3.1415926552840507, -0.8847900568553633, -2.789292779936838, -2.642711927971301, 5.543769502916608]"
0.005655568622943363,4,"[-0.5333758329275861, -0.07469346102954606, -0.13655963787004516, 0.5385159541725475, 0.9414787973032146, -0.9603650310537424, -0.9436297625299034, -1.1092082627501807, 3.394946433813767, -1.4492918671435677, -0.39529323403636946, -1.8654282279218528, -1.9059420003859395, -0.9286765664979151, -0.7707272825037884, -0.9897820445260627]"
0.0005334564842398581,5,"[-0.9189592196460673, 0.40903220644140215, -0.9264460128700157, -0.5112212999257374, 0.8668197265441876, 1.1969238154344666, 1.1859085863189756, -2.3252353709742746, -1.1306305747290304, -1.591287490666224, 3.167050570261207, 1.5208862627513475, 2.853206401603078, 0.2989984295834177, 4.681370061250286, -7.9334214095508075, 2.165100990221268, 0.23797768344742806, -5.055497018459376, -0.4812309465275643]"
0.0013615761168926932,5,"[0.9336145942025176, -0.5586802173991517, -1.9792478349472589, -1.0349477416147954, -0.5143796635123516, -0.5827710798846544, 0.8584450810287301, -0.8473854490711041, -1.0802269688682244, -0.12013472454184146, -0.8407066187067816, -2.5796800990006625, 3.8499641902002173, 0.11837683085639232, 2.782426222581725, 5.958180290023347, -1.9541612607788725, 3.2340316041489037, 7.109737435928436, -0.213037733565661]"
2.0738998172231682e-5,5,"[0.8561238673061538, -1.5080108824283986, -0.16855282342111147, 0.05157877243148785, 0.8009416477103837, 0.30088088911486827, -0.652714368564723, 1.1139652483561695, -0.9719333698815515, 0.1791557665325331, -2.3205959320778233, -2.47599809531173, -2.1479730427599755, 2.259839146646298, 2.1802404338050714, 2.215611365402576, 0.29670073720821905, 1.659785271727652, -2.8985393009101776, 3.7600823893462954]"
0.8264738632217927,5,"[-15.719451285735296, -30.368924518636117, -16.598130154939735, 53.790783662369414, 39.719616163545076, 91.01913526791108, -2.0123004579221666, -16.152160697072606, -42.06499825862605, 75.97750001120731, 2.6775913092851384, 3.626288038257509, -31.59417237369641, -24.47900118768385, 10.013447299455045, 45.12326191446251, 43.72517824688788, -3.3990410142058973, -42.37893385723237, -39.4720645544422]"
8.639315931313618e-5,5,"[0.8630330348061723, -2.1240561671302896, 1.3911530188930004, 1.694690730091273, -0.46035293375122255, -2.3302705448278442, -0.5662237400745123, -0.5062865449068439, 1.2255311481231284, 0.06224924893984298, 1.0205235798825096e-8, -3.513520549094489e-9, 3.141592669898505, 3.1415926434772112, 3.1415926556394145, 0.11042912862767043, 3.262639945788116, 0.5824655187159284, 2.536371903308415, 0.13111282622237552]"
0.9092509994042767,6,"[13.206718784128778, 3.339396886013493, -6.064365002221421, -0.2579020225309181, -0.7892577894670579, 4.478400582668476, -35.07934829242224, -10.577240539450553, 47.623176474907865, -6.637909694792639, 38.22409497853823, -12.321361267611461, 6.5450790461722494, 2.9656895886716934, -4.3766334247138, 10.244375619668045, 25.896603437371976, -5.393947853093499, -4.816749408699861, -13.448711944846144, 5.899232573631592, 10.52007557043153, 13.258743345008895, 14.338419293614056]"
2.6645352591003757e-15,6,"[-0.6045049384352258, 0.9057395651109831, -0.5521340688444303, 0.21106966624908974, -1.3956054819499364, 0.19618787081469574, 0.3213633149396881, 0.6826909861993546, 0.9603119688042928, -1.6882111650621796, 0.7101107502338377, -0.589819249116849, -0.3678312412218656, -0.8319142411647502, 2.653937245064658, -2.640045134483993, 2.6330665396677975, -2.311778284701802, -1.5705324541701142, -0.4268333528444469, 2.1153010639213736, 2.9688058086161564, 0.9038524287266855, -1.3828347229518574]"
2.4646951146678475e-14,6,"[0.28768895396290606, -0.3390534459783949, 0.5852193008827528, 1.0819680514551364, -0.8974512812498809, 0.5790902388309057, -0.527971188986741, 0.2035538337539769, -1.7367491669784518, 0.7152969503370611, -0.6777263706517701, -2.3858088732552805, 0.7614959516798174, -2.3866394881246853, 2.1589398545115057, -1.879233730827492, 3.4222372844871543, -1.2641627714690986, 0.5803653107545439, 0.10834694126851932, -0.16990651715389676, 3.9578837450602053, 2.6070373345547035, -2.815957147252851]"
1.9984014443252818e-15,6,"[-3.8152297827101243, 3.456230532286078, -2.6355537100728563, 0.9483829663938613, 1.0928177734259326, 4.237927264140553, -0.890593468143915, 1.7663788264893694, 0.2983963367204777, -0.5496132742450185, 0.1316296984547507, -1.7581534231762976, -7.30215933370984e-8, -3.1415926876503057, -1.6120832148506417e-8, 4.577052422411951e-9, -3.141592676620726, 6.263723576850528e-8, 2.6238270951689207, 2.4908035158694775, -2.667060756890785, -0.828769764019883, 2.0417768235334353, 2.837702076408659]"
3.108624468950438e-14,6,"[0.12471825631539885, -0.10353281439381573, 0.34526578126614144, -0.007180467307326169, -0.049393830288261546, 0.3022501599419222, 0.6989791897071738, -0.5363057519597814, -0.617236271260345, 1.1242007984115088, -1.1461893571029633, -0.5377419683672986, 0.7430531806842873, -1.8353694935253828, 2.3966640850758907, 1.7144702217313463, 1.6349771173317553, -1.3603411674406247, -3.7662603864444972, -1.618545433613664, 0.12099678799760906, -4.303818256764532, 2.925184355187719, 1.245443895173154]"
6.217248937900877e-15,7,"[-0.32049287763969386, -0.09611262954345143, 0.2594232387415928, 0.2319416916280385, -0.6600093047880656, -1.4188534746902113, 0.16536998017696827, 0.6938734758073961, -1.2475664001094617, -0.8879370623612286, -0.011169424727851563, -0.24896468560003965, 0.1328655828412808, -0.3487324936301772, -1.1391680302583296, 2.364434453982734, 0.5696334758867277, 1.7731778111333114, 0.8186288985866704, 0.11587225505593862, 1.9001176838434368, -0.2947709666453099, -1.1081470600865835, 0.05515435092041175, 0.7133518333870116, -1.2455457771716725, -1.0874109782453247, -0.9333059732828056]"
0.0,7,"[0.4437741933773498, -0.5969642818529515, 0.5670859616561765, -0.9294682435251036, -0.6957646310354731, 0.5750050110105016, 0.6833738607330949, -0.26143879471164533, -1.5916407645762474, 1.5858728757728722, 1.0444798887660904, 0.27174491043365107, 1.0482236486857945, 0.9946185308960399, -0.8985296441501646, -2.5304878015016277, -1.8148834380588064, 3.034631249818747, 1.0610290116820418, 0.8728141052527104, 0.31787548291878426, 2.808774996216152, -1.0772802701304665, -0.8648175828518501, -3.268642858554314, -2.093977589739984, 3.335169691381294, -1.9289519421374708]"
2.2426505097428162e-14,7,"[-0.3467227117307194, 0.13705621990854835, -0.6740768216572955, -0.308291927150387, 0.9370320648965874, 0.5776451715129739, 0.3445136516921319, 2.0478968111986364, -0.1163953989099427, -0.7464406032880418, -0.9055330707287876, -1.6780300541865658, -1.4887369584112258, -2.2758923266506708, 2.831749257951571, -0.059905817012304345, 1.2867781306534813, 0.24417736206245053, 0.308351912150528, 0.4696446053178592, -1.2350273346195482, 2.8359243695654177, -2.231780162358788, -0.7955768685044569, 0.7484444954766979, 0.7137043535956423, 3.806501669908403, -0.674003516215678]"
0.823916197667881,7,"[0.6218145021400465, 0.4527711863139455, 0.4988017652601312, 0.046890848399584795, -0.3885683680990398, 0.8634795311985889, -0.9713616942733996, 0.13867904730306313, 1.4421986885839029, 1.3158058145662415, -0.41209181850098553, 0.9264662702429995, -0.25946638429697955, -0.8658788710880072, 0.5846972645552759, 2.605055821112097, 2.289142710633349, -1.5179206988252216, -1.1202434009086955, -0.34462663182495457, -3.0467119043136486, -1.1654707535924576, 1.1506140474463307, -0.06917219086196907, -1.7970864040016192, -1.935002820633363, 1.0145530619317367, -0.2827830751468973]"
3.1086244689504383e-15,7,"[0.5060642265965125, -0.7002059813495413, 0.18194704928541047, -1.0110577323442758, 0.4167223777213317, -0.8421352902729862, 0.21089917577921852, -0.20249085156785415, 0.026739835982709664, -1.1183333982705224, -0.6201090250014831, -0.5830623255368373, 0.951412220327444, 0.6788886288597217, -4.132386728263316, 4.017960344057469, 0.9193955720151251, 2.385255111705179, -2.918087472479138, 0.7849553748159577, -2.841061965433681, -1.4733245814075595, -1.572325191639595, -1.309107124884178, 2.991109562282868, 0.5538642793080558, 0.6045410633039091, -2.4083291643743285]"
5.329070518200751e-15,8,"[0.21708031545602433, 0.49881283414209937, 0.730152895002537, 0.8532512210993555, 0.30135744480690463, 0.27856148779877254, -0.2432384480417308, -0.5972037658156154, 0.07866791564505488, -0.36558095710515304, -0.47340338294990136, -1.3951655066919058, 1.0285883843849397, 0.5047726500134112, -0.7210399772407504, 0.1293966544206412, 3.9301251883806128, 2.891628826087145, 1.3104756702004192, 0.512008399500256, 4.101359850318163, -0.054853797131020086, -1.8214332855822244, 1.2452161102333899, -2.1783159445255484, 2.945888121893979, -0.07773082494411199, 0.41078011868715186, -0.18811649038894732, -1.0134883832313901, -2.3415790133741288, 1.4472698918187472]"
4.6629367034256575e-15,8,"[0.3885622844832853, 0.5645280184712368, -0.40645728828092403, -0.007240304712321458, -0.043273715300317414, -1.3775849274250254, -1.419357268453225, 0.0649985855849173, 0.8481634392955932, 1.9944210025174463, 0.5668303113787562, 0.11106406183635636, 0.6430719936582094, 0.4192861224568808, 0.19260180933400234, 0.9562295438109537, -2.165784859858026, 0.22151611804061633, 3.0614393167179843, 1.5224478109927781, -2.8586678119728295, 1.579343073733632, 0.14605267672751615, -1.8480209957691862, 0.8412201675183101, -1.7694557577661847, 2.9971188030718214, -2.387198847937291, -0.9357623397158686, -1.5469159365440754, 3.0853082417856026, 1.3248293021311246]"
1.5543122344752192e-15,8,"[-0.6264772415380603, -1.264940602060501, -1.141378138141971, 0.9873530965194798, -0.4818625549473305, -1.0884996996791152, 0.38954425240214935, 0.5851023300774527, 0.399143263795042, 0.5741922684287472, 0.016270721943715927, 0.790027341693248, 0.5962403442689987, 0.9365991115363611, 0.657647316992168, -0.7581935120351755, -3.118837604502968, 1.5427804070171982, 0.9411130894323719, -2.8839891849963943, -0.33699201634494896, 0.7545543728854568, -0.41977980407029303, 1.7049628524121432, 0.08253577432491824, -0.5473774697863677, -3.5203721578823033, 2.894101849366862, 2.376295771441546, -1.013186245777852, 2.3528043834351475, 2.406127802824546]"
1.1102230246251565e-14,8,"[-0.7096151077152955, 1.2620920549737575, -0.26614028708032594, 0.3051471035262206, -0.9809806464251946, 1.0497713000192055, -0.14901724335550895, 0.629291174379263, 0.9991512355111263, -1.4494411171950783, 0.010715544997739064, -0.9246637458855972, 0.08828311335141761, -0.3587845222275335, 1.2904894983430186, -0.6798600520806939, 0.37804318867493364, 3.450274318115407, -1.6045723265018539, -3.257387468631545, 3.49547365412456, 2.604093764379481, -3.617058366540824, -1.7262087410750646, 2.8318491623674147, -2.7862952026591685, -2.105734732785381, -3.071650763337822, -1.620781079788641, 3.2497571369811813, 1.4742921276954093, 1.3823816432922913]"
9.325873406851315e-15,8,"[0.9207807349548169, -1.0536883224876905, -0.651324398694491, 0.30775783032731524, -0.7167166608642039, -0.2864644522306659, -0.45216118596814414, 0.45212060686818284, -1.0201526019823879, 0.9466830463837891, 1.4083492247484544, -1.0777649098689543, 0.5395556608704419, 0.9511537369622325, -0.09192532149488122, 0.20784145183654404, 1.5714779284114624, 3.050307737032878, 2.9340969411517026, 2.739223112726083, 1.402374509735507, -0.9760007876116698, 1.3794290482553586, 2.148966423966903, 0.8075469641318769, -3.1791890885550944, -1.2573781285067025, 1.08453881259095, 2.288358779932769, -0.9139658186921802, -1.6393970753138167, 2.4199397111180585]"
